PetID,pred_0,pred_1,pred_2,pred_3
d3b4f29f8,0.14290315,0.3720775,0.3039645,0.18105488
e9dc82251,0.23714717,0.3204289,0.23653671,0.20588724
8111f6d4a,0.21444798,0.24081218,0.17410417,0.37063566
693a90fda,0.18504527,0.30322078,0.17840609,0.3333279
9d08c85ef,0.17746244,0.29949275,0.22521995,0.29782486
45af03266,0.18529673,0.15176938,0.13479398,0.5281399
01a07b591,0.21067317,0.26382378,0.13997234,0.3855307
10e723583,0.20364518,0.38392037,0.3110427,0.10139175
324266c95,0.25885424,0.36769074,0.19335495,0.18010007
b6fbfa344,0.16967212,0.2566646,0.1050802,0.46858308
8df0bb3b3,0.10966537,0.2579905,0.47303638,0.15930773
a05e81f9f,0.19301052,0.22345716,0.1743855,0.40914682
311479c63,0.207685,0.23898394,0.17272738,0.38060367
11aa441fe,0.14449707,0.29143077,0.28998947,0.2740827
25fc96414,0.15651552,0.29396453,0.30646548,0.24305443
a6783a1c6,0.16530538,0.39055857,0.21525575,0.22888032
05aaee8ce,0.1783747,0.19094655,0.22236806,0.4083107
1d3dd0cb8,0.17438787,0.22360349,0.16249107,0.4395176
f20fa5c38,0.23825479,0.3338153,0.17731324,0.25061667
b8bc0c25c,0.18157814,0.2697364,0.14304264,0.4056428
8f45b9967,0.16390982,0.27050722,0.13876887,0.42681408
b7f7e01c6,0.17392333,0.21663356,0.12507349,0.48436964
f41a7de83,0.1220619,0.13975622,0.11624338,0.6219385
e7e2eca9e,0.15348601,0.28940162,0.1504001,0.40671226
f2f8667a2,0.29606405,0.29736373,0.18046919,0.22610302
54b687d7c,0.17204392,0.3313495,0.12115163,0.37545493
6438c6b3f,0.15225981,0.33358052,0.18015568,0.33400398
831505752,0.12669745,0.3138462,0.24319088,0.31626546
106128c56,0.13921559,0.1466156,0.10805726,0.6061115
c8f5f9120,0.14217485,0.24100323,0.17248487,0.44433704
671ffc570,0.17475943,0.20901327,0.21274546,0.40348184
279ca5034,0.14825378,0.2036593,0.20277487,0.44531205
f653550ac,0.118323535,0.16550311,0.16278706,0.5533863
9dae4e297,0.070902646,0.3008416,0.58056927,0.047686502
5925cf3fa,0.094825014,0.20736766,0.35767892,0.3401284
066498aa1,0.12140049,0.17350782,0.14095525,0.56413645
568a5ab51,0.17959605,0.32197142,0.2113234,0.28710914
a65853183,0.19747627,0.25115633,0.18195513,0.36941227
3da55a076,0.15103287,0.16216405,0.4376577,0.24914539
48f20f515,0.12024205,0.19239867,0.27626958,0.4110897
fe3d33ae1,0.15386762,0.14251328,0.09861982,0.6049993
850a43f90,0.23473407,0.36900064,0.18945162,0.20681365
113204c87,0.17788617,0.24015409,0.22646517,0.3554946
a8f43bea5,0.21967964,0.18413937,0.2540136,0.34216738
13296aae7,0.33949843,0.24313252,0.21440074,0.20296831
c59fe4bcd,0.0620671,0.18663588,0.41877475,0.33252227
abf1716a9,0.08329153,0.28405812,0.5312105,0.10143985
9718baba0,0.15295309,0.31804684,0.136304,0.39269608
39ba962ef,0.15751983,0.46710473,0.31377828,0.06159714
34edfc9d5,0.17204233,0.19695577,0.21899867,0.41200325
6220663ba,0.08267387,0.11689754,0.3686169,0.4318117
4501c8125,0.27248496,0.32488504,0.17928486,0.22334516
b138f5cc9,0.1448065,0.29888237,0.12630677,0.4300044
dbfb1869f,0.12249776,0.24845292,0.21727432,0.411775
dbcf45977,0.2678605,0.16785957,0.15502816,0.40925175
3b1391dda,0.20023938,0.15095046,0.2296118,0.41919836
006610fe3,0.16242602,0.28958085,0.3020284,0.24596474
1020c8f00,0.2698327,0.32000577,0.18721066,0.22295085
dc1d76def,0.19389552,0.17748094,0.26464194,0.3639816
6134ae21d,0.1980921,0.33543053,0.13173729,0.33474007
0f1424059,0.21846794,0.2703105,0.14165333,0.36956826
befafd8d3,0.18763512,0.2861027,0.2955686,0.23069356
482d05dc8,0.119747795,0.43415362,0.17525043,0.27084816
7b0d325d8,0.21629752,0.4139474,0.23268324,0.13707185
373f757c7,0.25856432,0.27533937,0.14863129,0.317465
e1c40a1eb,0.19604127,0.33707392,0.21814708,0.24873772
9f2dd031a,0.13301049,0.2251214,0.21496075,0.42690736
1c1bb3cd4,0.27185068,0.21097662,0.15792134,0.35925138
9a719040f,0.14322521,0.2655682,0.22252089,0.3686857
3af1dedf7,0.18506931,0.25143373,0.16077371,0.40272325
b7006ed96,0.12696786,0.38382837,0.26727572,0.22192805
9ebf6e448,0.21460368,0.26892573,0.13101313,0.38545746
21d8f0d2f,0.087496236,0.19536306,0.19074456,0.52639616
9e172ab13,0.1643634,0.25743222,0.15142103,0.42678335
261fc97ec,0.18411936,0.3388868,0.28806868,0.18892516
ef2ee6e9b,0.17949492,0.25079322,0.16768824,0.40202364
a9bfec3ba,0.14857218,0.26718965,0.26380852,0.32042965
3e463e29e,0.24069567,0.41324764,0.14116414,0.20489255
f5e35ea02,0.15353414,0.2027395,0.13765576,0.5060706
f4ab04385,0.26538044,0.24480239,0.15848586,0.3313313
49aaa4f94,0.23086886,0.36478353,0.23098886,0.17335874
898476994,0.16369234,0.24268316,0.15159011,0.4420344
b19556858,0.1485957,0.25386763,0.21225429,0.3852824
6d994c50c,0.17284195,0.20678057,0.14121574,0.47916174
6a3ff7445,0.120045334,0.2309805,0.2298068,0.41916737
5e6de643b,0.12387515,0.25830022,0.2822595,0.33556515
cf020a716,0.049174488,0.10713514,0.1185845,0.7251059
5c92de3f6,0.072615325,0.17630993,0.21400322,0.5370715
5297d9ba8,0.26434022,0.42485818,0.18159987,0.1292017
89a41673f,0.26405907,0.3372137,0.26598293,0.13274434
d965d6f3a,0.10459685,0.37892902,0.14464127,0.37183288
0db65104a,0.10882407,0.19685572,0.2847049,0.4096153
25c48e7ff,0.17516899,0.27377886,0.15900221,0.39204994
685cbaf7f,0.16285592,0.2410948,0.24139209,0.35465717
c93191313,0.16961937,0.21032353,0.16931055,0.45074657
1c411730a,0.19353989,0.22533885,0.20969717,0.3714241
ca7075738,0.055295415,0.32966098,0.27243283,0.34261078
b2676e6b1,0.057607137,0.19827414,0.35122076,0.39289796
301a245e6,0.21841359,0.3256993,0.19091247,0.26497465
94afcd90c,0.14177503,0.22190319,0.23422953,0.40209225
1ed55129a,0.21031769,0.16948225,0.09273854,0.5274615
4175a27e1,0.29771075,0.38894457,0.14296892,0.17037576
0aa767c04,0.15473974,0.2611526,0.17502931,0.40907836
859b2a95b,0.19232361,0.23230256,0.19709119,0.37828264
6cbbe5cd9,0.17815016,0.2785576,0.14328817,0.40000406
f928a7e7f,0.14668156,0.23099968,0.16054605,0.4617727
28bafb2ee,0.13924348,0.44188,0.3066373,0.11223926
7667378df,0.17409049,0.2356803,0.19010878,0.40012044
da7895cbd,0.2298091,0.25992537,0.21880688,0.29145864
e08649ba2,0.0980222,0.16419496,0.19882469,0.53895813
117a7da85,0.14761455,0.22917,0.16398993,0.45922554
158a55025,0.18264213,0.2873179,0.25420633,0.27583364
018e4d193,0.14130762,0.23698485,0.23490107,0.38680646
b4fb9949b,0.24834746,0.34075284,0.19048986,0.22040986
f5cb16efb,0.11468592,0.37313917,0.13926458,0.37291035
199277f1a,0.29184255,0.2926468,0.15418461,0.26132604
9f9bfa4d9,0.11487182,0.21258363,0.21680066,0.45574388
8ecb9aab0,0.16988717,0.28393903,0.3443947,0.2017791
be5595abb,0.215194,0.2894202,0.26349592,0.23188989
24dbfaf39,0.256776,0.2783491,0.17548624,0.28938866
43021e4ed,0.20657861,0.30804244,0.16821587,0.31716308
7374edef0,0.109742664,0.24218751,0.27769056,0.37037927
2fcbb6376,0.054700848,0.1709539,0.11904553,0.6552997
a9c968c38,0.1301282,0.16491683,0.3244964,0.3804586
2d8db1c19,0.08763459,0.16208574,0.25524765,0.495032
d03356a0e,0.21255262,0.34238884,0.16124138,0.28381717
9dfd5312c,0.20656317,0.22509894,0.16272914,0.40560874
96d7ed5de,0.13425374,0.29765803,0.24914439,0.31894383
3d011c364,0.17706983,0.24268192,0.21043384,0.3698144
74cd0ff66,0.16800871,0.28361684,0.17420521,0.37416923
24bbd04ce,0.29767928,0.24897403,0.13767013,0.31567657
1117a135d,0.28242102,0.19776054,0.18552099,0.33429745
69975d223,0.20024665,0.38032565,0.16617696,0.25325075
2ad6c7675,0.21982962,0.2943837,0.14804442,0.33774224
f2472c8dd,0.11677324,0.15843701,0.11433754,0.61045223
a22daaa5f,0.148768,0.29100648,0.19304363,0.3671819
1246bed4f,0.075783126,0.08038279,0.07366144,0.77017266
f680cd37a,0.1898287,0.24513045,0.18109082,0.38395002
6185f59bf,0.25302383,0.28072184,0.17570816,0.29054615
128b247b8,0.22887237,0.32156786,0.105437264,0.3441225
3161fe0f4,0.090545684,0.29831323,0.48783675,0.12330433
0133b2a29,0.18465771,0.289241,0.19812576,0.32797557
8b636912d,0.12397045,0.23691899,0.18488422,0.45422634
b833f9624,0.16540463,0.28749686,0.27460724,0.27249128
34090e9d6,0.1787665,0.28701273,0.17541246,0.3588083
c7eac7b01,0.3138201,0.23363863,0.26985857,0.1826827
e6335f2ee,0.15346327,0.20422256,0.18909355,0.4532206
7e250a5f1,0.18317159,0.31722257,0.18495715,0.3146487
480f33a74,0.28707033,0.17222759,0.10275875,0.43794334
454aa9e20,0.19745721,0.32304582,0.14698118,0.3325158
157e3e074,0.1797663,0.28972134,0.16945738,0.361055
dbaacc7e8,0.14051096,0.1720379,0.31097752,0.3764736
251bace70,0.22035874,0.3371294,0.13630089,0.30621094
c0b3f2081,0.14752933,0.24506235,0.19019634,0.41721198
0af685a60,0.22052768,0.20128244,0.21789177,0.3602981
01f4746ef,0.24098441,0.22661388,0.33218172,0.20022
bb9a64e6f,0.13634531,0.2959059,0.28656334,0.28118545
8d0f353e2,0.15666243,0.2857377,0.15871571,0.39888418
f247a5242,0.11836555,0.3702196,0.33494124,0.17647362
49d4a0adf,0.093723014,0.25750265,0.21315339,0.43562093
7e3c6f81d,0.13798663,0.26257017,0.31368965,0.28575355
9c680abbe,0.13380663,0.19553566,0.21767138,0.45298633
67c9d22df,0.19917428,0.33927032,0.18791078,0.2736446
0090eb457,0.16902706,0.2587682,0.19613361,0.37607113
0b6064845,0.07986609,0.10772448,0.09867837,0.71373105
1f6fe20fc,0.16786227,0.2666876,0.2639711,0.30147907
2cde24ccc,0.24344589,0.28572372,0.24481495,0.22601545
c222a4955,0.29486945,0.28841665,0.17104103,0.2456729
65470d9c0,0.1300592,0.21329044,0.25407282,0.40257755
c00b7ba5d,0.1854614,0.26306933,0.21329503,0.33817422
683f1dfd8,0.15770172,0.25868645,0.18993515,0.39367667
8813e5e4d,0.13414998,0.17637062,0.18212797,0.5073514
10e26690b,0.1676101,0.29211017,0.14868917,0.39159057
b6f1e40a5,0.2509933,0.2584283,0.075156264,0.41542214
7b052d37d,0.17349787,0.16143425,0.32714355,0.33792433
5dc7d3dc7,0.13172896,0.22777319,0.35742128,0.28307655
c7c99d389,0.16962296,0.23258375,0.10232695,0.49546635
d2f216860,0.2527507,0.32083282,0.18348326,0.24293323
d605cb217,0.14910835,0.2601737,0.15405315,0.4366648
9d4e91ab0,0.12343819,0.17441845,0.1982563,0.50388706
9942bce62,0.12210876,0.16059667,0.17507918,0.5422154
e0667be3b,0.23010355,0.22230966,0.17515458,0.3724322
c0ca6dd73,0.2206232,0.34447002,0.14431958,0.2905872
4fcd7cfe0,0.16877678,0.26958615,0.1590201,0.40261698
9625d0998,0.2396471,0.18701535,0.1472284,0.42610914
8773f250c,0.24357036,0.31466198,0.16119567,0.280572
b2876d101,0.124946006,0.29544997,0.18880582,0.3907982
8988d22a5,0.15254205,0.22501105,0.12231214,0.50013477
cbf20c4b0,0.09535279,0.19402117,0.2573106,0.45331544
89e43a001,0.25745317,0.2781313,0.20384774,0.26056778
085c9be4a,0.19382031,0.34536806,0.31305036,0.14776129
e50570999,0.12034108,0.3647371,0.27926835,0.23565347
8a464e436,0.20965084,0.21122155,0.16899261,0.410135
da8d56dff,0.13614959,0.20110945,0.17488393,0.487857
e08e93f16,0.1864104,0.353233,0.17554018,0.2848164
db23b96cb,0.09132384,0.31479937,0.35365534,0.24022143
bb78d1aa5,0.14633204,0.37488556,0.1589641,0.31981832
29aa0b74b,0.08655804,0.14435007,0.2481485,0.5209434
7395053bc,0.14788556,0.2067424,0.20791525,0.4374568
7413a61ae,0.25629133,0.25307113,0.1575042,0.33313334
9abb10f2f,0.13338904,0.2462669,0.19772016,0.42262393
58e2cf3d9,0.15980451,0.23576412,0.15642168,0.4480097
a0cc9df12,0.19673836,0.41915923,0.19465514,0.18944728
ba4f42314,0.14042492,0.19713683,0.23152706,0.43091118
f829fad2b,0.21513042,0.32393783,0.23035927,0.23057248
df0a5e6c5,0.19107142,0.25275844,0.17983724,0.37633288
3c30c4a49,0.14522229,0.16365899,0.17405471,0.517064
5181f9924,0.22145215,0.22489929,0.19603753,0.35761103
97c13bdf2,0.22522968,0.3487512,0.12751769,0.29850146
fa1badbb7,0.17666292,0.19071877,0.27585173,0.35676658
d29d34cfe,0.25963768,0.28211957,0.25676456,0.2014782
abc69ab7f,0.13706666,0.21414414,0.1888826,0.45990658
4fc9dee58,0.17843719,0.26590508,0.21503676,0.34062096
6668ff629,0.19013296,0.30841902,0.15445197,0.34699604
a4ade8bb2,0.1675679,0.3464748,0.3693229,0.116634384
f9d566df8,0.19912061,0.33437008,0.07663907,0.38987026
8b85a3893,0.22302392,0.2163593,0.14359292,0.41702387
7e3d0e3f0,0.15877385,0.18293731,0.21353208,0.44475675
9f4a72311,0.12683392,0.44598532,0.20134379,0.22583699
f15a31a01,0.1756046,0.262891,0.16164534,0.39985907
c1f738966,0.17259118,0.3419035,0.27595654,0.20954877
66064ba80,0.14707303,0.3145271,0.35693398,0.18146588
392cb224a,0.34696752,0.27470887,0.20789993,0.17042369
f205876aa,0.22486602,0.28824615,0.1565124,0.33037543
3740bcc5d,0.10527311,0.48418626,0.18530619,0.22523443
ba392c802,0.18109588,0.19679508,0.1629835,0.45912555
6b685abae,0.1238846,0.17044565,0.22024867,0.48542106
8b8489a24,0.19387999,0.36739057,0.24553587,0.19319357
6c5b48801,0.29404932,0.36223724,0.17139576,0.17231768
28dc83755,0.2319817,0.28671816,0.18801713,0.29328302
45fd43894,0.2368796,0.34482786,0.15193214,0.2663604
160dcaec8,0.37806958,0.22863466,0.17861862,0.21467714
0c200f7a6,0.20116657,0.2254325,0.11973326,0.45366764
3d9784a88,0.15566456,0.21487696,0.18234998,0.4471085
eff316e87,0.18415107,0.24076365,0.0994226,0.47566268
5ffd4e822,0.16437326,0.22873992,0.29807267,0.30881417
83703d7e0,0.27540496,0.32456255,0.17421219,0.22582032
84c1afe03,0.13019846,0.21919827,0.23297338,0.4176299
b912b1114,0.037531856,0.5255869,0.3090863,0.1277949
14e52bdaf,0.13354817,0.22517504,0.15436387,0.48691294
9cf32e2a6,0.17314771,0.22856656,0.17130752,0.42697823
1377d2c0e,0.124856375,0.29111832,0.27595362,0.30807167
b859b9fa0,0.17165056,0.2607337,0.15303054,0.4145852
843738a2a,0.07801896,0.40982896,0.21131873,0.30083334
c8d2ed523,0.19119796,0.19934623,0.18331224,0.42614356
6d5afdb0f,0.17004444,0.22995625,0.07877085,0.52122843
2d06250ab,0.1325372,0.2961964,0.31423303,0.25703335
823d5bd7e,0.12835813,0.6043375,0.15711066,0.11019368
fed799a78,0.07801896,0.40982896,0.21131873,0.30083334
4a56df934,0.27975157,0.29057226,0.21687847,0.21279772
85094deda,0.25358033,0.24649365,0.33558443,0.16434157
4a0d03a9f,0.11337402,0.11631452,0.21865506,0.5516564
f506d3fd2,0.3278428,0.27234238,0.20109338,0.19872145
bc4e5abfd,0.18414503,0.6276389,0.10463478,0.08358133
e7b3f752a,0.16538984,0.2558604,0.269556,0.3091938
c20aa0352,0.12627606,0.21824984,0.12239438,0.53307974
655eaa578,0.19094695,0.36030275,0.20662752,0.24212278
21178f3b0,0.18821163,0.288626,0.20605165,0.31711075
d18d572dd,0.2919223,0.19074409,0.15572575,0.36160788
002278114,0.08200041,0.6686198,0.12512307,0.12425671
62f87187d,0.23066974,0.29738402,0.18364295,0.2883033
930dcdef6,0.2504426,0.2715605,0.14095195,0.33704495
2f346ac72,0.18207414,0.47540882,0.12624353,0.21627349
88bc9864c,0.17222707,0.25179237,0.21425372,0.36172685
ae64cc2e7,0.11090763,0.095904075,0.11994115,0.67324716
cfc3e65de,0.4278818,0.3168671,0.1383732,0.1168779
69d95bc54,0.16861543,0.4439303,0.11830099,0.2691533
aef2fa931,0.14519478,0.2598596,0.16779166,0.42715394
0cf709a59,0.16219819,0.17904475,0.0911667,0.56759036
375a0eb3c,0.18937773,0.16239221,0.11795769,0.53027236
1d79d37b3,0.20616283,0.28058106,0.23695846,0.27629766
e15b26ed8,0.22404657,0.3460096,0.21153088,0.21841295
bddd63050,0.2512565,0.332148,0.21378495,0.20281057
5bb4cc5d3,0.10469641,0.26074517,0.25419432,0.3803641
b96d69dc8,0.24285029,0.26346603,0.19165362,0.30203003
e28bad751,0.15524866,0.25058776,0.22712338,0.36704022
b188b50cd,0.15613115,0.2084814,0.16078497,0.4746025
f8619af42,0.15574443,0.2690476,0.15551366,0.4196943
4d20f6163,0.13108023,0.38018167,0.26438594,0.22435218
1fe561ed9,0.19347788,0.21368048,0.12614454,0.4666971
798ff640c,0.17784588,0.2793781,0.20801607,0.33475998
938bcb826,0.18654874,0.22065027,0.16371253,0.42908844
85587ad13,0.17605007,0.17303744,0.34922764,0.30168483
f5dc70d35,0.34774277,0.14557989,0.07633684,0.4303405
b2f21fe63,0.15877636,0.22144334,0.12515832,0.49462196
091a5da01,0.16628209,0.22415997,0.23248614,0.3770718
7d2fe6bb6,0.21626486,0.19956319,0.20635517,0.37781677
bd2f5699b,0.18371715,0.25391912,0.23770647,0.32465726
3ad53090d,0.08947081,0.21481131,0.14859371,0.54712415
207d61997,0.17216545,0.16597489,0.20623773,0.45562193
924373704,0.16254723,0.31394702,0.3653047,0.15820102
e0d18f038,0.29983804,0.31720948,0.2759587,0.10699381
1b1a68a60,0.16334152,0.24368323,0.15508875,0.43788648
a80687cf1,0.1711443,0.22567862,0.16927424,0.43390283
8660ad37b,0.12556863,0.405996,0.37974253,0.08869286
23b3f793e,0.14783576,0.31043565,0.3437614,0.19796719
a3d4585c2,0.17707127,0.21191283,0.063323125,0.5476928
bf2f87f17,0.10018428,0.18853265,0.17780401,0.5334791
d19f035bc,0.16913733,0.28490683,0.3066328,0.23932303
2a6bb49f5,0.18203215,0.26561725,0.17015214,0.38219845
4574e3de4,0.19035912,0.24437219,0.16311392,0.40215477
cccd16111,0.20261167,0.31827536,0.13127749,0.34783548
18553e89b,0.08968892,0.63004774,0.20252644,0.077736944
2256216b1,0.21488187,0.3161213,0.16514853,0.3038483
53037f091,0.17226462,0.24584103,0.22130631,0.36058804
10836809d,0.1821904,0.5094003,0.19661468,0.11179458
a906ff5f5,0.120894484,0.24867553,0.20916872,0.42126128
331c0bbf3,0.159301,0.22772074,0.16884859,0.44412968
03f0fc32f,0.11828292,0.1637602,0.22477624,0.49318063
49f3710f9,0.103933774,0.17000882,0.3425406,0.3835168
f6c3b531d,0.28605977,0.23637022,0.1971766,0.28039342
e8e461026,0.32876483,0.24575268,0.14468688,0.28079563
a39ad6dc7,0.271633,0.3492227,0.19218813,0.1869562
b09fa9385,0.11213048,0.29901427,0.28186277,0.30699247
8cb067b2f,0.27571392,0.26758793,0.23430662,0.22239153
d52f229d1,0.16322446,0.3158896,0.15404405,0.36684188
849ce39d4,0.15033263,0.21092615,0.18569112,0.4530501
541400630,0.18431436,0.26536927,0.14611427,0.4042021
919820452,0.14460124,0.23425776,0.13186449,0.48927653
302eb3771,0.083215244,0.21315143,0.53392863,0.16970469
c9cab5e67,0.43619263,0.36498618,0.11271573,0.08610546
d8e7caaff,0.24369268,0.4119451,0.20845559,0.1359066
66faa15c8,0.151991,0.2629836,0.17870104,0.40632436
7cfb6fe9c,0.32905045,0.2628959,0.09656679,0.31148684
01928bd13,0.17676985,0.3305436,0.18823269,0.30445385
4f66fa0c3,0.29596007,0.21486369,0.179697,0.30947924
b5295b0e2,0.25742233,0.25466776,0.17774811,0.3101618
92f84c5b7,0.1747772,0.15465514,0.22770861,0.44285905
58e24d608,0.28091785,0.2529183,0.15133694,0.31482694
ec40d007f,0.1939209,0.25943613,0.35901645,0.18762651
225f72952,0.21471018,0.3053165,0.20333295,0.27664036
2259cf6f8,0.26046324,0.31615996,0.106395945,0.31698084
fab063ed4,0.2091626,0.24077381,0.20640336,0.34366024
48317c9e5,0.21495642,0.41981286,0.1434383,0.22179243
846ca7805,0.15850152,0.2024072,0.11927621,0.5198151
c3106dcd5,0.19371012,0.25412402,0.14723179,0.40493408
eb64e3d68,0.22152865,0.3311592,0.19300434,0.2543078
d899c9ef7,0.16142447,0.23973528,0.1896674,0.40917286
bce0e17b9,0.44539353,0.28044125,0.11690566,0.15725955
fc3fbbb99,0.20165294,0.28067616,0.19935912,0.31831178
0adebbf21,0.15583968,0.32747686,0.20014365,0.3165398
8cce291a9,0.25371546,0.2840815,0.09834318,0.36385986
ff4d9a3c6,0.18913694,0.27637967,0.12386377,0.41061962
0497c5ed8,0.24574816,0.23017006,0.11063509,0.4134467
105c28771,0.18980025,0.25516844,0.13128549,0.42374584
5afa2e561,0.14077164,0.22065187,0.23726907,0.4013074
d5c4ef4c0,0.17422977,0.43228963,0.17404787,0.21943274
50fc25dbe,0.115855224,0.22797875,0.28114104,0.37502497
f7999c9bf,0.20415877,0.3109013,0.26138836,0.22355156
7a3471df7,0.31040937,0.18177985,0.09618045,0.41163033
e129ff4a1,0.35291636,0.36668724,0.1847735,0.09562289
b00e4262e,0.16354434,0.2483972,0.19707207,0.39098638
4f45bb293,0.29831874,0.26863766,0.25440186,0.17864172
776354931,0.16109665,0.23291764,0.20778316,0.39820257
aa2a3d9c7,0.1235833,0.43156636,0.17303653,0.2718138
e1d86f0b6,0.21715716,0.4893106,0.13141136,0.16212091
ebcdfedd2,0.1955424,0.24495648,0.21546385,0.3440373
a554dbeca,0.17365503,0.29219446,0.18417269,0.34997782
4f7bfcb68,0.22520126,0.3280917,0.17549817,0.27120885
cdd815db9,0.104882985,0.31027192,0.15829226,0.42655286
3f5f5782f,0.33035383,0.13425542,0.06930232,0.4660884
b549fd8be,0.19455254,0.22926272,0.2829198,0.29326493
47dda9537,0.16314468,0.22896874,0.2105966,0.39729
f895c20f3,0.16399321,0.36611667,0.20201351,0.2678766
a963a6979,0.16253982,0.22690007,0.24405,0.36651012
70112a1b9,0.20812903,0.37372583,0.20671788,0.21142726
363e8df66,0.20100567,0.32583213,0.36579955,0.10736264
f0137d4e3,0.11739341,0.30657494,0.21036145,0.36567017
ddd7cc601,0.17309543,0.25197884,0.18338807,0.39153767
04f8947f3,0.25120398,0.24521525,0.12398494,0.37959582
16eefbec7,0.14125594,0.260794,0.09176118,0.50618887
e54ee8e55,0.20505434,0.2617036,0.18934298,0.34389907
001b1507c,0.58298105,0.22782551,0.0934024,0.09579102
42dd3f3ff,0.3959981,0.33619305,0.13764441,0.13016443
a6e7b6870,0.15389849,0.36675242,0.23310319,0.24624592
6fc1c066e,0.1843889,0.1895304,0.25600675,0.37007394
eea30b615,0.25479713,0.32201922,0.22355418,0.19962947
88666f74e,0.15596817,0.36239183,0.32781872,0.15382127
09e39377f,0.17425567,0.19472128,0.2789689,0.35205415
69a1b02f6,0.17982438,0.3652818,0.186911,0.2679828
00f3a3993,0.17363697,0.25138527,0.32628724,0.24869049
111748c15,0.20281547,0.39966938,0.28409532,0.11341982
faec94482,0.2640372,0.22417492,0.20582145,0.30596644
a89005005,0.2040252,0.3118185,0.21026811,0.2738882
90bc90da2,0.26443413,0.32739422,0.14162521,0.26654646
c42cf01ba,0.27047247,0.31499994,0.21479687,0.19973071
10bbe5ea4,0.1773638,0.31663987,0.20876142,0.2972349
6d7e560d9,0.23979987,0.35851493,0.15945111,0.24223407
9572f7e6b,0.37325954,0.22315444,0.15284432,0.2507417
7959e3491,0.25476548,0.2261413,0.24019392,0.2788993
58805776d,0.21076524,0.19552983,0.15061842,0.4430865
9fdb3a2a2,0.5637888,0.17315716,0.13257948,0.13047457
1c7d56a42,0.18409923,0.18216519,0.18706644,0.44666913
5027f31e5,0.2430659,0.19097032,0.22234535,0.34361842
8ced67d36,0.3352416,0.24295844,0.20691445,0.2148855
cf9bc2dc8,0.15933189,0.2686669,0.25766072,0.3143405
a79983c71,0.16376247,0.2801424,0.29664567,0.25944948
15f89f939,0.16935892,0.27425477,0.22544594,0.33094037
61f95d269,0.23903874,0.25894317,0.18904893,0.31296915
1bb0600a7,0.072584644,0.31174034,0.55110353,0.064571455
8019d0c63,0.19690426,0.32250622,0.22963302,0.2509565
40d7cb083,0.27860588,0.3807922,0.174659,0.16594292
188f8b07e,0.07257072,0.28955385,0.33875972,0.29911572
ec7ebdb47,0.1293643,0.66054374,0.15861627,0.051475655
da8cfd914,0.1547545,0.2196893,0.21083371,0.4147225
2398599fc,0.14436258,0.2865199,0.18448852,0.38462898
63a1fb887,0.19312817,0.1869755,0.18485774,0.43503863
81da09ea9,0.17216724,0.17172223,0.2392344,0.4168761
360dcecb1,0.15716608,0.46003687,0.2960167,0.08678033
2027f2dfd,0.27227816,0.27202064,0.18397377,0.2717274
ea4fe7ae2,0.14882141,0.27336776,0.18238205,0.3954288
b3543dda3,0.13653952,0.49046502,0.24732533,0.12567012
9e2a19b16,0.1954248,0.3497437,0.1155358,0.3392957
0a14ac037,0.11297833,0.20298302,0.1282177,0.55582094
f4cf82def,0.41081217,0.2729273,0.104864724,0.2113958
4ad400ba0,0.084622756,0.3214567,0.3239323,0.26998824
752b2d9c5,0.13586083,0.20940642,0.18895808,0.46577466
73b5c37dd,0.16008891,0.24678312,0.18033059,0.41279736
cd81fa60a,0.18160208,0.30273536,0.16437764,0.35128495
c362cc3cd,0.17290781,0.27976957,0.18244478,0.36487785
270461683,0.15620676,0.33717173,0.24336016,0.26326135
a6bc8d1a6,0.22540674,0.25071558,0.22752129,0.2963564
94d65e361,0.17928554,0.19007187,0.20296201,0.42768058
28e14ee81,0.17865817,0.25713235,0.20553662,0.35867286
e4e128c70,0.31061608,0.38017714,0.15792207,0.1512847
7b25498d6,0.21417148,0.22294302,0.18850124,0.37438425
9296c9064,0.107570015,0.2969865,0.33730066,0.25814283
b129e668c,0.1850876,0.3347747,0.34514257,0.1349951
9ee7776db,0.18375257,0.42736274,0.13794345,0.25094128
c0a4d02cc,0.18392925,0.2602305,0.12924105,0.4265992
4040a04bb,0.23056626,0.25805745,0.21847472,0.29290158
0fb548aac,0.21405813,0.2832981,0.15797962,0.34466416
3697f94e1,0.22601017,0.37857163,0.21157965,0.18383855
b586e1ea4,0.108007655,0.15941907,0.26085258,0.47172073
00a1f270a,0.124946006,0.29544997,0.18880582,0.3907982
3eaa698d3,0.29201332,0.31062412,0.16045024,0.23691231
f86c83084,0.20862253,0.29459193,0.16307554,0.33371
1c9a90078,0.20347852,0.33963642,0.16886064,0.28802443
9fab4e65f,0.24588579,0.3162675,0.28364843,0.1541983
e128e9022,0.17715557,0.47965008,0.1119203,0.23127405
b43155295,0.21473421,0.23178472,0.16891153,0.38456953
6c1fa0fdb,0.17198226,0.17602968,0.17269067,0.4792974
71eac2c5e,0.14360487,0.23488842,0.07663815,0.5448686
6b3614a92,0.284431,0.296405,0.3373203,0.08184371
b24b7d23e,0.17363821,0.2924027,0.14099741,0.39296165
45afc38e4,0.20412397,0.15439537,0.17987806,0.4616026
886debfe8,0.114670746,0.23883684,0.18939388,0.45709854
511b4a044,0.121733,0.2439768,0.34854355,0.28574666
c0fe34d97,0.18595026,0.3584429,0.2442881,0.21131873
fc7f7797c,0.19092143,0.31786776,0.26582474,0.22538607
0b942f000,0.28242412,0.22265115,0.13605201,0.3588727
d042e55ce,0.14937355,0.26727906,0.20103765,0.38230976
6cb63297c,0.16608876,0.33540323,0.2510869,0.24742112
e4efae0f1,0.12707739,0.35064176,0.2170432,0.30523765
bdffad31f,0.40828943,0.2191317,0.18793917,0.18463969
ce0294cec,0.21848956,0.27245316,0.26564455,0.24341272
ffbc3eaaf,0.2145456,0.28200576,0.16813335,0.3353153
b165fe8b1,0.162764,0.25388998,0.17785954,0.4054865
4a02b467d,0.581685,0.21346691,0.11278684,0.092061214
1c7619fdc,0.09301362,0.22033954,0.27883455,0.4078123
2da9b0c2c,0.16178547,0.22843786,0.20979674,0.39997992
16e922149,0.17006026,0.31337056,0.17800702,0.33856216
c1917c88e,0.115029566,0.39435047,0.24141452,0.24920546
f3082fa97,0.20522727,0.39481205,0.25080216,0.14915852
132a28bc9,0.21165013,0.30289406,0.14416727,0.34128854
b9dd5cfcf,0.36584678,0.31238866,0.15224546,0.1695191
39ef18e70,0.21586704,0.59266675,0.087233365,0.10423283
7b1c82382,0.080765106,0.25498447,0.3127749,0.3514755
b8fda5b3b,0.19932146,0.2825412,0.077641934,0.44049543
8834ac7da,0.1477181,0.34862757,0.18086007,0.32279423
7caa6d216,0.16319534,0.29004285,0.2204906,0.3262712
c552e255a,0.13753258,0.29075852,0.24754111,0.32416782
e748f52b7,0.11425968,0.4048028,0.29999298,0.18094452
c53fb8a18,0.25217393,0.3055428,0.3213963,0.120887
428877021,0.16255662,0.2772083,0.13259675,0.42763832
c3e1f5f86,0.10659093,0.5439329,0.2516032,0.097872995
9ac089108,0.33583117,0.2712414,0.10939446,0.28353295
a0490612e,0.23335512,0.25635445,0.1610378,0.34925264
660cd67ed,0.1564689,0.38454688,0.14854828,0.31043595
ea02306b2,0.17092712,0.25625154,0.20401704,0.3688043
f8213a645,0.17092672,0.2152816,0.10760902,0.5061827
ef4059fae,0.19909701,0.35419148,0.21894424,0.22776727
9e6d5d0df,0.09564364,0.33283612,0.18496498,0.38655525
3f2a40f0a,0.18131602,0.25935894,0.15813106,0.401194
20e4dbf48,0.08227106,0.2141148,0.32268018,0.38093397
5b72e14bf,0.090545684,0.29831323,0.48783675,0.12330433
9c6fdbcb4,0.17705272,0.41552338,0.18946461,0.21795928
fe481f81c,0.13317218,0.23185997,0.1664459,0.46852195
dc76a1735,0.14745659,0.22563107,0.12506405,0.5018483
fc93d7cc9,0.12483256,0.17692941,0.17281525,0.52542275
27eedd440,0.24880512,0.107997164,0.056759905,0.5864378
802b1f331,0.19768852,0.47021234,0.2743494,0.057749733
21ae91701,0.13169137,0.31699404,0.2274377,0.32387686
4a8caef08,0.24564004,0.24565539,0.32028523,0.18841936
bdfe6125d,0.13971066,0.35700274,0.24250084,0.2607858
417c109aa,0.1436315,0.24716455,0.24631953,0.36288443
865619d53,0.14088339,0.25999546,0.1571711,0.44195005
4168bfd52,0.10508465,0.3492597,0.3886677,0.15698794
b02fcb74b,0.27913263,0.30810753,0.18474777,0.22801207
5ddfaab43,0.5332164,0.32373244,0.07528782,0.06776334
87fadb3df,0.2672356,0.27175105,0.09466563,0.36634773
3f3e1f288,0.112490445,0.29249433,0.34055075,0.25446448
6ac437438,0.47094566,0.34763044,0.116387896,0.06503601
b8f94e1ff,0.20578618,0.2130121,0.14170684,0.43949488
5c1fa6bd2,0.17351545,0.26598823,0.16206051,0.39843583
bf537cdb3,0.16739607,0.26398644,0.19730654,0.37131095
eb8baed62,0.20094207,0.4673444,0.17631637,0.15539715
01231c438,0.2790776,0.303714,0.16955495,0.24765345
5bb802fa1,0.27395195,0.22837535,0.1899811,0.3076916
30f92e1ab,0.16766438,0.3189593,0.16544828,0.34792805
2ab616a68,0.2773512,0.3401002,0.16553965,0.21700896
10554e146,0.118982784,0.57020164,0.12790452,0.18291105
59b6102ba,0.120642856,0.7524683,0.09149953,0.035389315
f7b533990,0.13676627,0.21368094,0.2966722,0.3528806
e31e27ce7,0.10842317,0.27087703,0.27538392,0.34531587
a3a0fa212,0.124399185,0.21748643,0.17941736,0.47869703
5eee1e783,0.1308392,0.18503664,0.15638387,0.5277403
2bf834f39,0.1260624,0.25374764,0.30445772,0.31573224
fe2cc3feb,0.20601405,0.44406623,0.21888666,0.13103306
1499fbe78,0.31664217,0.3477314,0.23413144,0.10149498
c3deb0697,0.19162595,0.26538372,0.1343808,0.4086095
bde802b84,0.09854974,0.23150781,0.26539105,0.4045514
bbf3097d0,0.2937434,0.3301369,0.14805132,0.22806838
bed675184,0.14544836,0.28826696,0.25355476,0.31272992
62d911513,0.17282985,0.21744286,0.19621816,0.41350913
c19e8ac4d,0.22875369,0.29198062,0.27355123,0.20571445
19cf5ba9d,0.13773464,0.28751788,0.20191796,0.37282953
d4d84523a,0.16693714,0.3311627,0.26387674,0.23802345
0ba16b529,0.12643056,0.39220104,0.26929802,0.21207042
6d1e4b433,0.236567,0.35701853,0.14602998,0.26038447
8445b97aa,0.17420256,0.25522217,0.2187803,0.35179496
854edf08f,0.17056434,0.387436,0.25252724,0.18947242
0f6488260,0.15714623,0.3296459,0.19163866,0.3215692
514319114,0.17827585,0.25229043,0.18091543,0.3885183
6c399cb06,0.152775,0.28695333,0.3462602,0.21401148
ccd3e236f,0.31871948,0.30563068,0.18201526,0.19363457
3afb76273,0.10830813,0.22651023,0.27904582,0.38613582
53a451386,0.16025361,0.27201676,0.41994977,0.14777987
a9bc357f0,0.28423473,0.31406295,0.14969194,0.25201038
4347c35e5,0.15968575,0.35650823,0.17098399,0.31282204
bd74f5ce8,0.07828508,0.18923344,0.16576436,0.56671715
52ec30101,0.14084451,0.25425458,0.36647564,0.23842527
e2fbb0332,0.15447304,0.33607408,0.1784604,0.33099246
8d25867cb,0.30179274,0.23947075,0.1071931,0.3515434
9aa0e02ef,0.25909266,0.24952628,0.19895436,0.2924267
10eaafcd9,0.19171563,0.23112053,0.12777163,0.44939223
ed390241b,0.21532062,0.3802413,0.16950573,0.23493235
e69df38b4,0.16453308,0.20789753,0.19776593,0.42980346
bb2cbdb23,0.1343775,0.34040746,0.27710032,0.24811472
6c17339fe,0.28052738,0.14198098,0.18759179,0.38989985
f1b4a123f,0.124515034,0.3349116,0.33073625,0.20983711
81ecf4cda,0.482066,0.16784447,0.1938945,0.15619501
1c0aa9866,0.230731,0.3150712,0.24815738,0.20604041
d3ef2ebef,0.19679363,0.24442887,0.16738549,0.391392
ab4407477,0.17515129,0.2120093,0.15462774,0.4582117
211b0aa56,0.18984963,0.318073,0.34880558,0.14327177
c1a9d98fb,0.2290095,0.2274199,0.15767652,0.3858941
2ca38a180,0.19791934,0.2688697,0.24533725,0.28787372
af4483325,0.19491841,0.3341754,0.21190737,0.2589988
2fe1eb7b8,0.2266132,0.2826989,0.12893803,0.36174986
4c9f111f1,0.14538987,0.20921803,0.23565666,0.40973544
a7554fc9e,0.19824234,0.16909103,0.06568885,0.5669778
ac49bdbdd,0.2246761,0.28261936,0.2234596,0.26924494
168f1c6e9,0.16093102,0.2573915,0.16812685,0.41355062
1945e2783,0.41636062,0.33636126,0.16738173,0.0798964
88a5b8318,0.17843504,0.29916078,0.13761508,0.38478908
2148c2ef6,0.13190815,0.3064549,0.26529646,0.2963405
1e0be9e49,0.21137285,0.17809166,0.121467724,0.48906776
a2ee6f2da,0.13724191,0.18688612,0.23156317,0.44430882
afdc5f01d,0.14344035,0.20353296,0.2892202,0.36380646
5548fa6f4,0.1868035,0.21720569,0.1910803,0.4049105
52ffdc6c2,0.1458174,0.26091927,0.20645645,0.38680688
cc607ef5c,0.10038804,0.18714027,0.13152117,0.5809505
55c827f51,0.20242546,0.32090232,0.12142688,0.35524532
f810c2cae,0.17629287,0.3021753,0.09840302,0.4231288
6366b7f4a,0.11468592,0.37313917,0.13926458,0.37291035
a79e1889c,0.17692786,0.24682105,0.18417877,0.39207232
3d13aab91,0.21851626,0.27950752,0.20544153,0.2965347
0bcb2c2b5,0.14335857,0.4024641,0.21769266,0.23648469
1238ed024,0.16218828,0.19868827,0.15994091,0.47918254
49f6a8909,0.13610956,0.41173327,0.15658878,0.29556838
ce18c7a4b,0.23442689,0.28331003,0.30038983,0.18187326
cc4670dac,0.14800784,0.19986169,0.21443287,0.43769762
13264f4f4,0.14306161,0.39135057,0.30083227,0.16475554
dbba10f87,0.1194722,0.2345921,0.2866858,0.35924992
fe056693f,0.18833299,0.19029865,0.1915265,0.42984188
4140b3b5a,0.19914117,0.3721317,0.2414292,0.18729796
5730742ae,0.16832004,0.20003769,0.14234738,0.4892949
b932b3915,0.19033377,0.40847105,0.21174233,0.18945284
4ff447944,0.13205057,0.22754698,0.20596741,0.43443504
d0b9282c8,0.18020238,0.35174647,0.1677579,0.30029327
e297b5ede,0.2237883,0.30754375,0.16664654,0.3020214
1c67c5f4c,0.21357256,0.18528652,0.1516094,0.4495315
d5ee02201,0.13567372,0.41634092,0.24772118,0.20026419
166092e21,0.19686654,0.32748756,0.17140149,0.30424443
36e02d379,0.16372405,0.22746602,0.20936242,0.39944753
07877aea7,0.16491869,0.20967218,0.21667083,0.4087383
619dcb4e6,0.15790613,0.27554405,0.16269785,0.403852
edba94b45,0.082469925,0.1589106,0.11783766,0.6407818
0f4291ce6,0.106965736,0.36491787,0.42739573,0.10072066
c32940f0f,0.12809888,0.21005079,0.16196984,0.4998805
b0f2a1939,0.17033967,0.26715904,0.23650628,0.32599503
97a80f8b3,0.07133203,0.3074354,0.5718812,0.0493514
467faacc0,0.17924616,0.18069118,0.13604249,0.50402015
cd1e7ec9d,0.22330542,0.23722993,0.09836878,0.44109586
54224dada,0.1799391,0.25662395,0.26275468,0.30068228
90e582b0c,0.21665287,0.30107132,0.23023793,0.25203788
e5e06c8dd,0.18184195,0.2929634,0.095460825,0.42973384
08fb442fa,0.17307316,0.25568187,0.38222232,0.18902265
b652b7241,0.20004775,0.31420112,0.18117905,0.30457208
4325e9930,0.15910864,0.4076026,0.23090017,0.2023886
7f33563b9,0.15914822,0.25087428,0.18041767,0.40955982
8cc02d983,0.19053413,0.44017333,0.20474856,0.16454396
df6f884c0,0.24876308,0.15337668,0.30247396,0.29538628
07914c759,0.1681603,0.18114103,0.16976643,0.48093224
e2db9e1eb,0.12786734,0.18391775,0.16120782,0.5270071
b9f90bdfe,0.15007842,0.23034607,0.19013833,0.4294372
7559336dc,0.20347099,0.23185156,0.12726745,0.43741
9550556bf,0.21525678,0.29502282,0.17002045,0.31969994
c36943627,0.327373,0.26714468,0.16205318,0.24342914
6029e0ed0,0.08614056,0.2689467,0.13979498,0.5051178
4bdc7be69,0.26848394,0.24594358,0.1256344,0.35993809
9c76163ca,0.16086014,0.205551,0.1819602,0.45162866
955e7c5cf,0.09281867,0.1657468,0.17573619,0.5656983
11543e9ce,0.1298864,0.33214045,0.26524526,0.27272788
9a591a8d9,0.24091706,0.22124289,0.2905991,0.24724093
f8204bf7c,0.19370827,0.308698,0.19680257,0.30079117
4df43033d,0.140231,0.21686868,0.06649799,0.5764023
db745332f,0.085305944,0.21778539,0.14130832,0.55560035
7d3dd49c5,0.10415315,0.33136344,0.13938057,0.42510286
775d4b52e,0.1764761,0.16670063,0.07569403,0.58112925
a8f2a5210,0.17759264,0.18109956,0.15059927,0.49070853
2def0a43e,0.14097351,0.4176188,0.19109206,0.25031564
da34209ec,0.45257103,0.3386679,0.14101937,0.06774169
282678629,0.13892555,0.25946105,0.39721942,0.204394
04bad9310,0.2655709,0.22948487,0.3544483,0.15049592
34d5748f7,0.30279773,0.22635576,0.26588336,0.20496313
e0dc745da,0.18586273,0.35302433,0.20602089,0.25509205
ee0eff05e,0.24958438,0.37467635,0.14249592,0.23324336
7cbad35f9,0.2821538,0.21002635,0.18988508,0.31793475
ff832cb7e,0.20023389,0.27422076,0.14182332,0.38372204
b52b8d946,0.17544189,0.21640927,0.17903301,0.42911583
072bb91b4,0.15120749,0.2319677,0.17182149,0.4450033
9295d02bd,0.27633506,0.32758972,0.21152116,0.18455407
73066f6ff,0.18166968,0.27495217,0.21681853,0.32655963
5daea1779,0.1312526,0.36984336,0.23712943,0.2617746
29fd25bc8,0.22029674,0.57659,0.1165803,0.08653297
70aeba909,0.07017496,0.3086358,0.55407685,0.0671124
5e6a7ea61,0.19558911,0.38942677,0.18562832,0.22935581
bb2c896c5,0.24757126,0.33274016,0.08770702,0.33198157
eba013abc,0.16667616,0.2522817,0.19089746,0.39014468
7023f6b45,0.22544359,0.30556503,0.22511894,0.24387245
060d1de98,0.1832585,0.2702029,0.18981224,0.35672635
b49012dd4,0.20034558,0.3463117,0.3653743,0.08796844
f4ed1a08e,0.18835719,0.3214832,0.14059956,0.34956005
0e12b9baa,0.1820087,0.1974983,0.1774439,0.4430491
fb9833d4b,0.22837687,0.30596346,0.1850898,0.28056985
a63f6c6a1,0.06456552,0.25783932,0.33378088,0.34381425
7bead49ed,0.22408529,0.23017669,0.18611847,0.35961956
acd81a109,0.18517347,0.2488535,0.2193913,0.34658173
628a224b2,0.12758766,0.13061222,0.10769398,0.63410616
d61dd6a6b,0.18809375,0.21423048,0.23501162,0.36266413
b0ad07cfc,0.18571007,0.31382206,0.16832808,0.3321398
017d966eb,0.13570881,0.19786003,0.22724691,0.43918425
7b84a3913,0.3224363,0.47638217,0.14070807,0.060473483
c763886a6,0.17354573,0.22130957,0.23014863,0.37499607
9d4f21d40,0.22237627,0.20992221,0.20218652,0.365515
f288b4919,0.23181814,0.33972406,0.21613027,0.21232751
81fddeac7,0.1405419,0.18282987,0.1542249,0.52240336
769d800fa,0.32023644,0.36165679,0.20444122,0.11366557
e1c5d6ba9,0.15539329,0.33887872,0.08611467,0.41961333
8f38dbd18,0.16977672,0.28917298,0.34106174,0.19998856
7a7f8a828,0.20588906,0.26478913,0.19840655,0.33091524
beea1e1dd,0.14591958,0.35043538,0.26313594,0.24050911
cf357f057,0.20709512,0.27988988,0.22480881,0.2882062
fee0b4da6,0.19681652,0.21639404,0.22018676,0.3666027
809ca8efd,0.1675563,0.36903417,0.106574774,0.35683474
a996f1370,0.19640964,0.22999185,0.16160437,0.41199413
9804a7d82,0.27768874,0.38102436,0.16923207,0.17205484
ae58f28bc,0.14462538,0.55798024,0.09551554,0.20187883
c9c023b3e,0.18703887,0.2999049,0.17489704,0.33815917
5f1a700fd,0.1052185,0.16776851,0.23114902,0.49586397
bf9fe33d0,0.18987994,0.32015777,0.26576427,0.22419801
47caf7ad1,0.17651825,0.24654704,0.091790706,0.48514402
d1a11cf42,0.1345907,0.5376993,0.12901248,0.19869752
248c027cb,0.18529403,0.2254174,0.1894466,0.39984196
ac6adc2e4,0.20034558,0.3463117,0.3653743,0.08796844
983879402,0.30778095,0.31368956,0.1648292,0.21370028
cbfaa79cb,0.14141282,0.23126636,0.21069023,0.41663057
7811bdd84,0.18120642,0.19418871,0.1696623,0.45494255
042dfb970,0.26649418,0.30027556,0.18665077,0.24657948
7494b6aa9,0.2819033,0.23558614,0.16125046,0.32126012
ce9d5fb9f,0.20226052,0.27164102,0.19648694,0.3296115
03c49f5aa,0.22622447,0.24872176,0.1463514,0.37870237
423c5b45f,0.2646955,0.30047968,0.1377518,0.297073
2260ef0a0,0.3277901,0.13361333,0.09744389,0.44115266
05d8b5a9d,0.22553644,0.12852222,0.11154622,0.5343951
7ecd54695,0.090471655,0.16164513,0.21679384,0.53108937
9726ab93e,0.27050915,0.37801474,0.12165571,0.22982039
bd331b74e,0.22428639,0.43214932,0.20098156,0.14258273
5e7db4c54,0.19831061,0.35579842,0.15166561,0.29422536
ab0bb2f5a,0.10144447,0.17725803,0.16343632,0.5578612
a61776aba,0.124646395,0.21785466,0.3391111,0.31838787
1b7d01262,0.36347872,0.22365722,0.14532094,0.26754314
a76fa694e,0.17897236,0.3270112,0.20119585,0.29282057
79a9a7b05,0.2875501,0.32442832,0.21172391,0.1762977
1a1283447,0.13479196,0.19862327,0.13677052,0.52981424
85332d295,0.08922623,0.35124525,0.46717033,0.092358194
b2a23ac85,0.1555767,0.2341775,0.16267137,0.4475744
2ef8bed36,0.17208217,0.21259618,0.2226262,0.39269546
0910c13a3,0.16540189,0.36596128,0.28528553,0.18335131
949fbd095,0.20410393,0.20012642,0.12219881,0.47357085
2d7a45689,0.22351296,0.31235918,0.14883146,0.3152964
9427b3749,0.20915623,0.37272915,0.14573266,0.27238196
ccb7df174,0.102160335,0.31664866,0.24399067,0.3372003
68e6f19f5,0.13934986,0.26992914,0.25600296,0.33471805
e5164d828,0.14278072,0.47097853,0.2230163,0.16322444
a56d6eceb,0.5906498,0.19419618,0.13688304,0.07827101
577c72b39,0.083037384,0.23529437,0.3260512,0.35561702
b1be2a9e8,0.3340621,0.19195518,0.22753851,0.2464442
2e65d72c2,0.13849504,0.32291666,0.16940534,0.36918297
b06c1ad30,0.22970091,0.13180201,0.1768726,0.4616245
5ed271e0d,0.1519258,0.19384068,0.28338483,0.3708487
eb4c66e7a,0.13216072,0.253572,0.19783658,0.4164307
6648175ff,0.1695794,0.36432067,0.2791494,0.1869505
ab4b4681b,0.15251291,0.2517272,0.1693783,0.42638162
bfcbca117,0.22530879,0.2985915,0.16875632,0.3073434
41ee53918,0.23393051,0.2798943,0.12650295,0.35967225
d1a67cee6,0.1984009,0.22090384,0.17388137,0.4068139
3e26edfa8,0.1650587,0.306837,0.2509317,0.2771726
3af14a63c,0.07801896,0.40982896,0.21131873,0.30083334
6198e214e,0.17467396,0.25960964,0.18057123,0.3851452
43b6e3f2a,0.22771718,0.2405931,0.1440175,0.38767222
bf1762a3a,0.14679763,0.25302988,0.12592465,0.4742478
e1dcf0e9e,0.07262011,0.22449142,0.3455799,0.3573086
2dea0707b,0.12666285,0.20693113,0.09254643,0.5738596
9d0406864,0.21548568,0.39786446,0.11330209,0.2733478
6333963fe,0.1587537,0.25267458,0.2157332,0.37283853
4d101a0c3,0.29101536,0.2862111,0.20852505,0.2142485
d3b017517,0.25815988,0.2117927,0.20227371,0.3277737
504e4ec84,0.18506713,0.13344696,0.08868024,0.5928057
96477b249,0.22581726,0.23436521,0.19446635,0.34535116
b822d0566,0.15455632,0.2597398,0.21546572,0.37023818
0850d4334,0.1743773,0.3211243,0.14614351,0.3583549
b543331f4,0.18756568,0.26862034,0.15770665,0.38610733
c0b1f82b1,0.16777025,0.21985447,0.17035273,0.44202253
e13488562,0.14341253,0.30943003,0.31482622,0.2323312
25079d00a,0.15404658,0.23326421,0.19579932,0.41688988
46b9595d0,0.14630994,0.22391215,0.21456756,0.41521037
13e385580,0.17404354,0.24106836,0.11314472,0.47174338
ae3a99b36,0.25255662,0.3022829,0.17145538,0.2737051
