PetID,cb_1,cb_2,cb_3,cb_4
002230dea,0.49503112,0.31338307,0.14353824,0.048047572
0045ed62a,0.5132926,0.29748437,0.12699483,0.06222816
0058586f1,0.049612336,0.090173915,0.3014889,0.5587248
0063f83c9,0.38897568,0.32557058,0.18569444,0.09975932
007ffeccd,0.20267726,0.52562433,0.24269588,0.029002517
0090eb457,0.15785918,0.2704708,0.3980265,0.17364354
00a1f270a,0.13757716,0.16595699,0.2432342,0.45323166
00e50c7a7,0.2992289,0.24677008,0.22786643,0.22613458
00eced1f0,0.29744497,0.30689117,0.21761297,0.17805089
0118db3a8,0.21572152,0.22206064,0.23115459,0.33106327
01231c438,0.19400933,0.34888625,0.31492615,0.14217827
015770429,0.12660255,0.36462906,0.3580515,0.1507169
015c75c9e,0.12554577,0.5489198,0.29994476,0.025589688
01ac09f2a,0.2215974,0.22824697,0.24238324,0.3077724
01dac4b22,0.21942464,0.22657433,0.23272967,0.32127136
023979a33,0.14172156,0.17221482,0.25062725,0.43543637
026c202c6,0.38495475,0.37378585,0.16670908,0.07455032
027c23f6b,0.41867062,0.37171322,0.15169382,0.05792234
02a084920,0.12555464,0.16991319,0.2645967,0.4399355
02f7300db,0.24220254,0.26880428,0.2653617,0.22363146
02fee7295,0.24950194,0.2724616,0.25297117,0.22506528
0308c9eda,0.08788449,0.1632089,0.3781941,0.37071252
0392c0c81,0.14247455,0.3822358,0.19855121,0.27673844
040736f83,0.17819819,0.40757543,0.33615038,0.07807601
041dd606f,0.24088545,0.26878023,0.2669998,0.22333452
048519a46,0.51327676,0.2930605,0.13955484,0.05410788
058394848,0.4589301,0.3080537,0.14526235,0.08775385
0594ed847,0.17670383,0.2635681,0.33341545,0.22631262
059a68bf0,0.19790219,0.238016,0.18829279,0.37578902
059baa037,0.24338184,0.2589578,0.2547895,0.24287084
06afa3c64,0.11255164,0.17501609,0.25387084,0.45856145
06cc44fad,0.3044038,0.25196525,0.22754268,0.21608824
06df96299,0.34169048,0.29777306,0.21655887,0.1439776
076a67405,0.016917367,0.052753996,0.109986454,0.8203422
076d6f830,0.57879525,0.24780963,0.12071628,0.052678812
076ec7e18,0.47018427,0.33152974,0.15002641,0.048259582
07cc0ce27,0.24794854,0.25891382,0.25261444,0.24052322
0806f9e3f,0.15852962,0.2370614,0.38898906,0.21541993
086e528f0,0.25094122,0.25492415,0.25303012,0.24110453
08f54d056,0.20791972,0.40450984,0.30821967,0.07935078
093cce3a1,0.25005272,0.28608763,0.34105247,0.12280717
096c37d99,0.24664083,0.27591532,0.25472876,0.2227151
09d9212f5,0.47329873,0.27678433,0.14972337,0.100193575
09e39377f,0.23274668,0.25336555,0.28300253,0.23088524
09ef02857,0.089414574,0.117499284,0.28650996,0.5065762
0a0e8c15b,0.10420239,0.13940893,0.3133254,0.4430633
0a4fc94e5,0.22393738,0.23297745,0.24475977,0.29832542
0a76a6cf3,0.218693,0.2252926,0.23090461,0.3251098
0acd95320,0.21477643,0.22239028,0.23163894,0.33119434
0afb7e845,0.5079339,0.28925562,0.1361221,0.0666884
0b3763054,0.38792437,0.4034458,0.17330146,0.035328355
0b59a57ff,0.56448936,0.22946987,0.11378744,0.09225335
0b6064845,0.024654793,0.052960712,0.11183585,0.81054866
0b807a7dd,0.28813118,0.25939107,0.23470797,0.2177698
0b90767fa,0.20704445,0.4132935,0.31116253,0.06849948
0b942f000,0.22291918,0.22973594,0.23911114,0.30823374
0bd2d5882,0.18285225,0.22301543,0.4958776,0.09825474
0c49c9df2,0.22899757,0.23784472,0.2453752,0.28778252
0cd614218,0.51860845,0.270629,0.14358987,0.067172684
0ce98d199,0.17015883,0.17654404,0.27673402,0.3765631
0d2394669,0.17490639,0.2960653,0.29279342,0.23623489
0d3081480,0.1991795,0.3271251,0.26838118,0.2053142
0dca551f0,0.22988747,0.23700689,0.24669482,0.28641084
0e1a54250,0.11273089,0.15448521,0.34517533,0.3876086
0e61fe015,0.22834109,0.5240734,0.19309515,0.05449037
0ea337520,0.2063416,0.2646544,0.27303186,0.25597218
0ed23a049,0.18502454,0.31364402,0.38528425,0.11604719
0f24b6cd6,0.6288622,0.23367876,0.067941144,0.0695179
0f544b558,0.3054979,0.25178257,0.22696282,0.21575671
0fa63169f,0.40068084,0.32952252,0.12985918,0.13993745
0faf7f0ae,0.15929662,0.15351279,0.1836902,0.5035004
0fb490c9b,0.26023254,0.27356815,0.24483134,0.22136796
0ff7245bd,0.22787096,0.29897955,0.3492822,0.123867296
0ffe99b25,0.4344459,0.33767858,0.15014589,0.07772964
100aed9a3,0.24852787,0.3670924,0.23625915,0.1481206
102482c40,0.110627286,0.124662615,0.20090929,0.5638008
105c00abe,0.5331236,0.262114,0.13848536,0.066277064
105fd5ad7,0.22536786,0.2334705,0.25076625,0.29039538
1077fb67a,0.47880355,0.31112537,0.14067641,0.06939466
107d56dc4,0.10572368,0.19567926,0.55581254,0.1427845
10ba7efac,0.1072616,0.16807197,0.2585511,0.46611533
10e723583,0.2348162,0.24846345,0.27871484,0.23800552
119903786,0.18841149,0.36850378,0.4030983,0.03998644
11a30eacf,0.3474229,0.31394917,0.20462954,0.13399838
11d50c573,0.02775408,0.07574034,0.09558404,0.80092156
120805f93,0.23528959,0.32713103,0.2493187,0.18826069
1238ed024,0.14225157,0.18886325,0.27591017,0.39297503
123f15578,0.21639593,0.24522378,0.29332554,0.24505477
124e6af5e,0.24836038,0.25851673,0.22504683,0.26807606
12653b9bc,0.15541227,0.33693686,0.3927427,0.11490818
12ccd5019,0.18967453,0.30219233,0.2789496,0.22918354
12e711074,0.52410793,0.28353244,0.1323306,0.06002899
13bbf723c,0.55359423,0.25951174,0.12648328,0.06041074
13d30c173,0.06399451,0.16845515,0.3208459,0.44670442
140ef35de,0.22379813,0.22884996,0.24752265,0.29982924
14357e2ed,0.18224247,0.41748914,0.3045045,0.09576387
143760a33,0.06933628,0.11144094,0.28175607,0.5374667
146005aa0,0.09121343,0.12988947,0.35308772,0.42580935
146f076cf,0.11320018,0.13487677,0.42755917,0.3243639
14bbc5876,0.17193282,0.12567535,0.12163415,0.5807577
14c70761a,0.219792,0.22535698,0.23607713,0.3187739
1534419ad,0.24405712,0.25834787,0.2554251,0.24216992
15f62e911,0.2738773,0.28757,0.22122355,0.21732917
16504b328,0.35449243,0.23616971,0.22794259,0.18139528
166092e21,0.2984373,0.3899963,0.20245408,0.109112345
166345ac8,0.120300494,0.15683398,0.19423835,0.52862716
167233db2,0.24382626,0.2757302,0.26208103,0.21836253
179c21d17,0.092846565,0.14311804,0.28583866,0.47819674
17d90c2d9,0.33156034,0.3698626,0.17961378,0.11896326
17d9c9586,0.07441961,0.14563523,0.302584,0.47736117
18734d13e,0.118761815,0.23040603,0.31318346,0.3376487
189637f90,0.09500899,0.1725511,0.40146995,0.33096996
1925aff9d,0.22203137,0.22637454,0.24419688,0.30739722
1945e2783,0.4738793,0.2876889,0.16102237,0.0774094
19470706b,0.09229563,0.09239886,0.43054843,0.38475707
1976719f7,0.6353346,0.25098997,0.08342393,0.030251494
199277f1a,0.079260424,0.12084634,0.16711506,0.63277817
19cd32fd6,0.21267219,0.4748401,0.25210565,0.060382046
19cf5ba9d,0.27107584,0.34652492,0.25355145,0.12884778
19f4d65b7,0.21644415,0.22456296,0.2334279,0.325565
1a2c91362,0.09609874,0.13357528,0.2719305,0.49839547
1a4464471,0.23682927,0.3286218,0.25153568,0.18301323
1a54d4e92,0.23708901,0.25888377,0.2555319,0.24849533
1a76d3ffa,0.3266695,0.35911134,0.21412444,0.10009469
1aabe595c,0.21572152,0.22206064,0.23115459,0.33106327
1adc56d3c,0.037786156,0.05300779,0.17329158,0.73591447
1b08020b7,0.25452355,0.24535084,0.23027833,0.2698473
1b0d28fab,0.081056945,0.09409869,0.178329,0.64651537
1b36762d2,0.4816442,0.33150572,0.1517134,0.03513665
1b71de34e,0.12651405,0.14580934,0.24398041,0.4836962
1bb0600a7,0.15486932,0.24564505,0.42705038,0.17243525
1bbadc050,0.24707007,0.2782462,0.25639057,0.21829316
1bd13d3e5,0.11447085,0.17627433,0.38351136,0.32574344
1bf1f95ef,0.10878896,0.14243467,0.12466197,0.6241144
1bf4a2ca7,0.10161379,0.5821008,0.28544375,0.030841667
1c07c6ee5,0.13560466,0.30341682,0.47952622,0.08145227
1c0aa9866,0.49626765,0.33636522,0.13755573,0.029811395
1c4f5efa8,0.09722426,0.124356896,0.3205892,0.45782962
1c7619fdc,0.22203137,0.22637454,0.24419688,0.30739722
1c7d56a42,0.08582101,0.12465135,0.1528282,0.63669944
1c9a2baf6,0.21917519,0.43161008,0.29284707,0.056367684
1cea0ad08,0.041611023,0.05658696,0.09752084,0.8042812
1d13441b9,0.61754304,0.2417373,0.11397001,0.02674962
1d1c1d51d,0.08096665,0.11824474,0.27524427,0.52554435
1d20ba693,0.15768829,0.2306471,0.34668678,0.2649778
1d373c973,0.53334385,0.25615424,0.12627225,0.08422963
1d3dd0cb8,0.036059584,0.05232925,0.16442229,0.74718887
1d5870131,0.18255587,0.36011666,0.32183343,0.13549404
1d8dd930a,0.2996956,0.2544975,0.22834499,0.2174619
1dfcfe139,0.28180018,0.43229076,0.23587407,0.05003497
1e24f14d6,0.22802356,0.23590107,0.24105409,0.2950213
1eb041ff3,0.28281817,0.26462126,0.2405368,0.21202376
1eb8a0278,0.40829536,0.35966578,0.15852009,0.073518746
1eb9e42bd,0.062099643,0.07922887,0.1191684,0.7395031
1f6fe20fc,0.13259922,0.38771987,0.38770607,0.091974825
1f9a15807,0.11208069,0.4127967,0.43683583,0.038286764
1fbf04fab,0.11300893,0.20737243,0.34452814,0.3350905
1fd2f589f,0.07490682,0.09940694,0.18234506,0.6433412
1fdf2880b,0.16717735,0.23205641,0.2929302,0.30783606
1fecd2bab,0.08520801,0.13675722,0.26961145,0.5084233
1ffe668f9,0.08662859,0.13140525,0.24903744,0.5329287
200a0df49,0.39098796,0.3081534,0.21472935,0.08612928
2027f2dfd,0.3358967,0.32337052,0.22853756,0.112195216
20336bf88,0.3577984,0.3524487,0.21577786,0.07397504
208beeb80,0.25567403,0.25714874,0.25640917,0.23076804
20f05426f,0.09673566,0.14048287,0.3362718,0.42650965
21178f3b0,0.13236922,0.21804845,0.48743927,0.16214307
211b0aa56,0.23850265,0.25897804,0.26288602,0.23963329
21a56b530,0.2620511,0.33937526,0.3000276,0.09854601
21a7f4896,0.11330587,0.15622331,0.33901992,0.39145088
21ae91701,0.08934579,0.13408318,0.2260652,0.5505058
2208d2be1,0.4568233,0.3130888,0.16034621,0.06974168
22145fe75,0.09556577,0.14885789,0.35943273,0.39614362
2260ef0a0,0.37784445,0.35499552,0.17373237,0.093427636
2262be7e9,0.18355115,0.27905074,0.35861,0.1787881
228117dca,0.27474982,0.27834857,0.24890797,0.19799364
22987c7fb,0.17587256,0.4861922,0.26436105,0.07357421
229beedff,0.23530379,0.2448226,0.25090632,0.2689673
22d381889,0.14370804,0.32098374,0.44470388,0.09060435
22e9d72ce,0.29019472,0.25725976,0.23079023,0.22175528
233aeb07c,0.22522347,0.23202941,0.25737303,0.2853741
235572f38,0.5860624,0.21523492,0.16734694,0.03135576
236dd6cca,0.29762262,0.25532347,0.23101935,0.21603456
23941ded4,0.22158828,0.30497485,0.30603227,0.1674046
23bcfa015,0.22441734,0.23277706,0.24530573,0.29749987
23eddf1d8,0.12715064,0.19895907,0.24310745,0.43078282
24357b578,0.29871348,0.44059238,0.22192976,0.0387644
24731a12c,0.3026403,0.25213072,0.22797546,0.21725354
24750a30f,0.1812099,0.3556617,0.316053,0.14707541
249112486,0.14760809,0.3388083,0.30704173,0.20654187
24af5742e,0.14353742,0.4187649,0.35822475,0.079472944
24fee0cc4,0.0540824,0.082668096,0.2268585,0.636391
251bace70,0.26151228,0.25609106,0.24419865,0.238198
259dc7e9a,0.22415994,0.2300104,0.25465363,0.29117602
25bdd7d90,0.1959609,0.27373582,0.30060443,0.22969885
25c681109,0.18465798,0.27417377,0.3645669,0.17660135
25ebacf03,0.21173452,0.14512637,0.12380409,0.51933503
2614882d1,0.41777384,0.3811866,0.14642969,0.054609872
26bba34a6,0.101563506,0.15092207,0.35101447,0.39649993
26c1fc882,0.2685254,0.30604482,0.27783102,0.14759877
27dd38817,0.11704242,0.3106653,0.4600173,0.11227499
27e6b452b,0.22497976,0.23641624,0.26801944,0.27058458
27ec72a29,0.1624404,0.24376391,0.37346303,0.22033265
27eedd440,0.35180977,0.26035747,0.25823948,0.12959327
282c90ff4,0.03273683,0.052165672,0.13509518,0.7800023
28cc87730,0.11934606,0.1640714,0.37511188,0.34147066
29193bf76,0.16027251,0.37396872,0.32148215,0.14427662
2931d3eac,0.23222142,0.2456625,0.2528722,0.2692439
29d752f7f,0.014266048,0.050460495,0.1020803,0.8331932
29edf6e20,0.41677,0.3456398,0.17244928,0.06514092
2b1582f99,0.0633797,0.095432624,0.19290388,0.6482838
2b3fc0265,0.32162774,0.39883652,0.18319595,0.09633979
2ba9dfe93,0.17947325,0.35259002,0.32053834,0.14739838
2bbe22924,0.104463406,0.4013358,0.34540743,0.14879338
2c24655fe,0.097615734,0.18201266,0.29716396,0.42320764
2c46efe8f,0.0935428,0.13693942,0.23014161,0.53937614
2c5f2907a,0.16323484,0.241862,0.24260214,0.352301
2c8ae4c7e,0.22598906,0.23188747,0.25244242,0.28968105
2cdaa8a5d,0.2244296,0.23201537,0.25550443,0.2880506
2d33077f2,0.075314246,0.09495345,0.15718319,0.6725491
2d441a71b,0.2606755,0.27285555,0.24504478,0.22142418
2d8ec2cff,0.6343379,0.1984995,0.087101445,0.08006115
2db964259,0.16744784,0.23850174,0.41211662,0.1819338
2dccbfd25,0.22897622,0.24230601,0.25020096,0.27851683
2dea0707b,0.05344146,0.07490505,0.1051882,0.7664653
2def0a43e,0.16155207,0.2569126,0.36356536,0.21796998
2e4eb9198,0.20113544,0.49021655,0.205123,0.103525
2e65d72c2,0.60493255,0.28794014,0.07716049,0.029966846
2e76362c0,0.08534945,0.11620387,0.15810665,0.64034003
2e9a53eb0,0.22684833,0.2912068,0.17917468,0.3027702
2f0805ceb,0.20553502,0.325647,0.27329546,0.19552252
2f19ac5ab,0.493246,0.35386044,0.11814305,0.03475054
2f4c6ada3,0.44392276,0.29968408,0.17809159,0.078301564
2f60db1f7,0.2672219,0.39731294,0.25517353,0.080291614
2fcdfb0e1,0.029642787,0.06369932,0.10705692,0.79960096
2fe763187,0.07623567,0.1145028,0.1970912,0.61217034
3060de782,0.38598493,0.34367508,0.18049857,0.08984139
30ece8658,0.2312129,0.3479918,0.25266013,0.16813521
31081d71d,0.021612948,0.053242948,0.117712535,0.8074316
31144a6be,0.1345982,0.399973,0.35458905,0.11083976
3163e9acf,0.08938896,0.12273291,0.21717143,0.5707067
3181e5424,0.17533399,0.29520577,0.35453516,0.17492507
31b3d9b10,0.33017012,0.3590606,0.22598436,0.08478492
31eb7b312,0.17034355,0.33917618,0.3523445,0.13813578
3244cff21,0.5606656,0.3160353,0.09706531,0.026233813
326355730,0.24707007,0.2782462,0.25639057,0.21829316
3330252db,0.24544051,0.46225977,0.24322437,0.049075335
3335796f3,0.116018176,0.16232678,0.21671711,0.50493795
33ddc2011,0.19987881,0.27012148,0.25384328,0.27615643
34c4e74a9,0.39717543,0.35407656,0.18239035,0.06635765
35149528a,0.678111,0.23393857,0.07512168,0.012828751
355048bb7,0.23430228,0.25214028,0.27642092,0.23713651
355743336,0.08016354,0.15350635,0.3224493,0.44388083
35bb8ee8f,0.22203137,0.22637454,0.24419688,0.30739722
3604fc814,0.22969045,0.43517792,0.21015252,0.12497913
360dcecb1,0.25765514,0.27142233,0.2486235,0.22229904
3613869b2,0.16026336,0.22049229,0.2628997,0.35634467
36332af6d,0.73872936,0.16279712,0.07617962,0.022293894
36bb93372,0.23358086,0.24685879,0.25947654,0.2600838
36cc00cf3,0.05658262,0.071195856,0.12461193,0.7476096
36edc334e,0.31011683,0.3566015,0.2071559,0.1261258
36f3f7027,0.2337843,0.28537488,0.2530685,0.2277723
3757e3734,0.07763986,0.11774642,0.30534023,0.49927348
3759a1d40,0.20508374,0.36146888,0.32589304,0.10755434
3779a7d91,0.1511478,0.2642555,0.23302037,0.35157633
378406cf4,0.0995074,0.19225855,0.4583439,0.24989015
37884b086,0.47726113,0.29777607,0.15609543,0.068867356
37ae0cd69,0.2931731,0.25638527,0.2330347,0.21740693
37c989ac5,0.5485153,0.24494496,0.13389406,0.07264564
37e2f042b,0.2519151,0.25522134,0.25300935,0.23985423
37f8a39c4,0.2436218,0.272798,0.2545121,0.22906812
387a2639c,0.2212713,0.22552678,0.24831209,0.30488983
38e12233c,0.08563684,0.11778144,0.25729227,0.5392894
38f6f3011,0.08807605,0.12268588,0.258493,0.530745
3948f67d7,0.04660941,0.077047266,0.19776353,0.6785798
394c13865,0.2622019,0.26001093,0.2449654,0.23282176
39816161d,0.24784917,0.27646643,0.25055218,0.22513221
39944ac3f,0.22084248,0.22658683,0.2423208,0.3102499
39e0cc98e,0.58210474,0.24771155,0.111702114,0.0584816
39e9ecb70,0.49295914,0.24441454,0.13990936,0.12271695
3a0e3b527,0.47957757,0.23265404,0.18656553,0.10120286
3a4178fe9,0.11945663,0.16404048,0.35880256,0.35770032
3ad53090d,0.18385726,0.25095394,0.37337488,0.19181389
3afe6f1fc,0.055277076,0.07531542,0.13503164,0.7343759
3b1391dda,0.08999952,0.11340161,0.24654445,0.55005443
3b1976326,0.24206953,0.2722814,0.26698974,0.21865931
3b2a0338e,0.50740016,0.2997821,0.12926042,0.06355735
3b2b69d20,0.17858106,0.2692799,0.42146945,0.13066961
3b3ce72d1,0.22756678,0.2457781,0.2719015,0.25475362
3b901ae31,0.2652835,0.42606664,0.243636,0.06501386
3bb43df82,0.26561877,0.26535738,0.24701655,0.22200733
3bb5061e6,0.3686378,0.32832876,0.20817943,0.09485399
3bc0357ce,0.38619578,0.35281178,0.18108174,0.07991069
3bc3e9db2,0.335956,0.2941341,0.21715084,0.15275906
3bedb1ef9,0.2244296,0.23201537,0.25550443,0.2880506
3bef65169,0.37866116,0.31416124,0.19205235,0.11512523
3c1370c6a,0.3322225,0.35387895,0.20517857,0.10872001
3c2a1ed3b,0.23116314,0.24786133,0.27102914,0.24994637
3c6f9a4e7,0.29829967,0.25414622,0.23060302,0.21695109
3c7dd9982,0.23056461,0.4374393,0.24975723,0.08223885
3c97d1670,0.25355056,0.3887453,0.2848966,0.07280751
3cc84c2f8,0.23857532,0.35013396,0.34065267,0.070638046
3cf8487d4,0.3698848,0.3047471,0.22066176,0.10470636
3d13aab91,0.30009624,0.35445923,0.26359716,0.08184737
3d1d0f102,0.171804,0.46736667,0.33025262,0.03057674
3d9b4bdc1,0.3473066,0.2778487,0.25658676,0.118257925
3de1de812,0.24206953,0.2722814,0.26698974,0.21865931
3e242ed8c,0.15000291,0.19686842,0.25804505,0.39508364
3e2c46391,0.17039019,0.22099617,0.25522262,0.35339102
3e463e29e,0.27253604,0.4962253,0.20485124,0.02638741
3e82e76cb,0.33834082,0.37571168,0.21972793,0.066219546
3ea49aa4f,0.5463004,0.26306087,0.12683958,0.06379914
3ec367f79,0.18429682,0.4852875,0.2958509,0.034564804
3ee76f8a2,0.14311206,0.36027214,0.4233248,0.073290996
3f169c299,0.19966707,0.4370039,0.27983204,0.08349698
3f2d1ff6c,0.26848322,0.3538032,0.28104076,0.096672826
3f5f5782f,0.09836565,0.12865923,0.21855894,0.5544162
3f834da3b,0.19865671,0.38801128,0.28772748,0.12560453
400a15912,0.11932432,0.3592992,0.31309384,0.20828262
4082acebb,0.14010924,0.13555998,0.22388008,0.50045073
40843af1e,0.19933757,0.35519493,0.35183057,0.09363692
409d5bc3d,0.25785127,0.2692991,0.22550672,0.24734291
40b31be60,0.24165444,0.27208477,0.26541722,0.22084355
4175a27e1,0.08165293,0.13580684,0.19480409,0.5877361
417c109aa,0.1420402,0.24067466,0.28676006,0.3305251
418a25e6b,0.24926701,0.2654854,0.25241253,0.23283507
41b98eea2,0.24382626,0.2757302,0.26208103,0.21836253
41bbdb352,0.19637866,0.41132262,0.34718367,0.04511504
41ce762ce,0.081966534,0.1381836,0.27442965,0.5054202
41e4cc1de,0.17329884,0.31391793,0.35434052,0.1584427
428877021,0.19614288,0.41627416,0.28393018,0.10365276
428fd4ef7,0.1843278,0.3084373,0.47608048,0.031154443
42e7de7c0,0.06451352,0.08404753,0.13728699,0.714152
4331ce278,0.3185209,0.40741718,0.19074553,0.0833164
43b277272,0.23328522,0.24866498,0.28302452,0.23502529
43b6e3f2a,0.20016596,0.29766408,0.25508425,0.24708574
43c661026,0.25182053,0.3967017,0.26967198,0.08180579
4427541c0,0.08642299,0.17734523,0.461486,0.27474576
442f853b2,0.22504336,0.23205234,0.26180547,0.28109884
44594e996,0.36919224,0.34275714,0.17056324,0.11748739
445c703ff,0.3009164,0.2544694,0.22896577,0.21564844
44a541574,0.23514667,0.24755129,0.25531012,0.26199192
44bc5f67c,0.2998561,0.38786915,0.2021998,0.11007496
44da8c2a0,0.1904805,0.27313268,0.2926782,0.24370863
451d64f26,0.23707528,0.26197913,0.27478725,0.22615835
4525391a7,0.03734021,0.061238438,0.13865115,0.76277024
453cf6271,0.5667949,0.258801,0.11239912,0.06200498
456c7a365,0.29529923,0.25169715,0.2321965,0.22080712
457de178d,0.49245435,0.28543246,0.15383542,0.06827777
45904d2be,0.11695847,0.45742092,0.393451,0.03216961
459729cda,0.26363975,0.26636073,0.24349421,0.2265053
45c718348,0.2345702,0.4252833,0.25669155,0.08345497
45ea16ef8,0.2976931,0.25510985,0.23007557,0.2171215
463be5788,0.30642304,0.35204208,0.22503544,0.11649945
46518b224,0.14735186,0.20311809,0.22636935,0.4231607
467614705,0.046747655,0.061835438,0.1296782,0.7617387
467faacc0,0.13105825,0.31726235,0.1811259,0.3705535
469894776,0.14366525,0.19820523,0.3329037,0.3252258
469aab50e,0.25576997,0.26859397,0.25232863,0.22330743
46b9595d0,0.22084248,0.22658683,0.2423208,0.3102499
46c5fd256,0.14953716,0.38303655,0.35224187,0.11518442
47d68f63c,0.06879966,0.095429815,0.22500794,0.6107626
480f33a74,0.31006336,0.24552414,0.2280699,0.21634261
48317c9e5,0.39847445,0.33653626,0.1898487,0.07514059
4891fdacd,0.095538974,0.12607737,0.26507518,0.51330847
48dd9f35f,0.26185098,0.2553205,0.24356231,0.23926623
49303270e,0.5530093,0.27674803,0.11495034,0.05529235
49a832741,0.16834068,0.18630067,0.32336992,0.32198873
49f6a8909,0.04696694,0.058803063,0.124451764,0.76977825
4a2ecd24c,0.344004,0.37682676,0.20793693,0.07123228
4a6fea502,0.24122155,0.26979092,0.2636826,0.22530495
4a8ac8bff,0.3328455,0.31958616,0.2657979,0.08177041
4a91d273b,0.13209093,0.14804678,0.22574034,0.49412194
4a9793dfb,0.2508638,0.44344202,0.20389207,0.101802126
4acf3e30e,0.24414164,0.27129,0.26125768,0.22331068
4ae940ec2,0.08603418,0.19929871,0.5577447,0.15692244
4b8b0a817,0.10012765,0.5556317,0.31257463,0.031666026
4b9f45715,0.0892883,0.16380814,0.6610459,0.085857645
4bb0c8226,0.09403852,0.14874046,0.37066177,0.38655928
4c26cf05d,0.22703238,0.24178891,0.2745017,0.256677
4c3a2c536,0.11362798,0.17663462,0.34532636,0.36441103
4cc70e613,0.24707007,0.2782462,0.25639057,0.21829316
4ce0b81f5,0.26304564,0.26868796,0.24592385,0.22234258
4d20f6163,0.046523105,0.07804991,0.12105707,0.7543699
4d649e887,0.21464239,0.38597307,0.2726675,0.12671705
4d767b639,0.4745708,0.27326015,0.15354823,0.0986208
4d76c16ab,0.18322404,0.28427446,0.39296,0.13954148
4e1034525,0.33608836,0.3072706,0.22627106,0.13036999
4e2440e26,0.21046244,0.3683372,0.2622791,0.15892124
4e290a43a,0.24925922,0.2771613,0.25092807,0.2226514
4e774a9c7,0.29762262,0.25532347,0.23101935,0.21603456
4ea111bbe,0.35960758,0.30430895,0.1936645,0.14241895
4ea31a03a,0.073452696,0.09478209,0.20411097,0.62765425
4ea7c5d48,0.16655226,0.17337227,0.35455406,0.30552143
4f66fa0c3,0.18458758,0.25637898,0.35296568,0.20606776
4f7fc967a,0.03184906,0.057845134,0.10777268,0.80253315
4ff447944,0.08317727,0.18006687,0.58070993,0.15604594
5009ff19c,0.25633824,0.26667553,0.25181466,0.22517158
504e4ec84,0.24894434,0.19047676,0.25495282,0.30562606
50cbc6c8f,0.24307443,0.27240837,0.26366982,0.2208474
512bf1e8a,0.239365,0.3596241,0.29738072,0.103630185
5149bb7f8,0.6057925,0.21431537,0.11398463,0.06590747
515d9508a,0.27797863,0.2739859,0.315854,0.13218145
5181f9924,0.105317034,0.13235876,0.17604038,0.58628386
51c72aa92,0.5510349,0.2600417,0.12618847,0.062734894
51d3a70bf,0.4669608,0.351758,0.13911985,0.042161383
5250b8bc3,0.12275398,0.30527565,0.19368657,0.3782838
52d65015d,0.33990505,0.40172425,0.19448037,0.06389033
5366eff00,0.1637879,0.45862886,0.32933816,0.048245072
53895ad35,0.23099782,0.29698175,0.25621477,0.21580565
53964c5d0,0.085609205,0.10622393,0.20745133,0.6007155
53b996932,0.2419889,0.27310485,0.26211676,0.2227895
53bcfd67d,0.28514618,0.26110658,0.23335704,0.2203902
53f3e56a3,0.17206706,0.19843972,0.2568882,0.37260503
53fba6573,0.1401308,0.16863354,0.28955653,0.40167913
5457a593a,0.110485405,0.14654498,0.2114897,0.5314799
546a913cc,0.1571732,0.25097048,0.34974027,0.24211605
54791dc58,0.24446148,0.27228695,0.25798985,0.2252617
54b6c1d72,0.12399876,0.17344816,0.15128617,0.5512669
55c23ed2e,0.3411959,0.28591874,0.20108205,0.17180328
564356241,0.051563177,0.06788295,0.14114271,0.7394112
567c1ab71,0.22504336,0.23205234,0.26180547,0.28109884
5698c00e2,0.30735198,0.3476293,0.23380618,0.11121254
56e91b142,0.23274668,0.25336555,0.28300253,0.23088524
5730742ae,0.29533637,0.25353026,0.2322186,0.21891476
585a705fc,0.15661378,0.23053011,0.36581612,0.24703999
5884b684d,0.25655356,0.2732263,0.25035387,0.21986626
58a7e1caf,0.095602825,0.11998692,0.22093594,0.5634743
58ee93558,0.06366271,0.08138578,0.13340174,0.72154975
5906e36c5,0.30937523,0.24865322,0.22642761,0.21554394
598f1fdae,0.07586436,0.12138954,0.57945216,0.22329395
59c9f850a,0.21829934,0.22344594,0.2382877,0.31996703
59cf08ff3,0.1793443,0.3830314,0.3352228,0.10240151
59e6d1d66,0.53857106,0.27812266,0.12596267,0.057343636
5a358b56f,0.1281484,0.18254048,0.29360506,0.39570606
5b3c81931,0.22144698,0.22843216,0.23596576,0.3141551
5b59ef7ee,0.22980829,0.24581544,0.28216305,0.24221322
5b7fd5349,0.19188575,0.574461,0.21166073,0.021992516
5bd62c76f,0.46662873,0.30564833,0.13058697,0.097135976
5bfb8da14,0.55306756,0.2461034,0.13856103,0.062268004
5c67a27f5,0.07476707,0.1062562,0.3453441,0.47363263
5ccf203a3,0.13984786,0.2315356,0.19423528,0.43438128
5d00ca4d0,0.27430055,0.4433306,0.22562794,0.05674096
5d45dae82,0.2689776,0.26452994,0.24147215,0.22502032
5d517a321,0.23732316,0.26277596,0.2671713,0.23272957
5daea1779,0.24418457,0.4887248,0.20213859,0.064952046
5dbd7f61b,0.08591394,0.23435622,0.6378701,0.04185973
5dd3f3eb0,0.2304743,0.24969187,0.2783933,0.24144053
5e17c1fde,0.520735,0.24249788,0.18303305,0.053734064
5e5d1fc6d,0.1601543,0.34643275,0.35744953,0.13596344
5e6de643b,0.1372887,0.37428373,0.38613698,0.1022906
5eacd0a22,0.198941,0.25601915,0.29871672,0.24632312
5edf4d9bb,0.5471046,0.2212291,0.1801811,0.05148522
5f0bfe5a9,0.128742,0.21793625,0.3479958,0.30532598
5f6931436,0.07747381,0.11190837,0.2019852,0.6086326
5f8d00436,0.5488327,0.25336036,0.15092653,0.04688037
600f8eb25,0.2976931,0.25510985,0.23007557,0.2171215
6029e0ed0,0.22084248,0.22658683,0.2423208,0.3102499
603fa62e1,0.24453422,0.3431794,0.28449857,0.1277878
605eca728,0.10207283,0.15914863,0.43335053,0.30542803
605fe21a1,0.28095096,0.33516893,0.3185316,0.065348506
6120ace5c,0.12031239,0.5294695,0.29035258,0.059865516
619dcb4e6,0.09091415,0.12052,0.25608537,0.5324805
61bf517f2,0.24823979,0.25525182,0.26160628,0.23490211
61d4dc56b,0.13181801,0.19903216,0.2136222,0.45552763
62887c0ea,0.08096536,0.10052462,0.37650752,0.4420025
62955be50,0.13215385,0.25863516,0.20292433,0.40628666
62bf4037c,0.1845552,0.44911027,0.28396165,0.0823729
6308b5232,0.3740109,0.33726254,0.17192754,0.11679906
6341e0577,0.24092685,0.2059818,0.2061481,0.34694323
63697128e,0.10215016,0.12939389,0.26580414,0.5026518
637186543,0.03265205,0.12031294,0.32285812,0.5241769
63ddd39f4,0.11407318,0.1877897,0.38073382,0.3174033
64904cb52,0.23948537,0.48567623,0.19931611,0.07552229
64c1c412b,0.31040844,0.43874916,0.21167265,0.03916974
64ea61ea7,0.53986174,0.27680993,0.125945,0.057383314
65b05f438,0.36347494,0.33131072,0.19887672,0.106337644
65b70bad8,0.43212688,0.34001613,0.18336487,0.04449211
65dc47112,0.45009473,0.3341437,0.14282434,0.07293724
66125940b,0.25792572,0.2517933,0.24231489,0.2479661
6666265da,0.2910156,0.25805128,0.23264177,0.21829136
6668ff629,0.24322611,0.2548741,0.2611334,0.24076638
672bc370b,0.23328522,0.24866498,0.28302452,0.23502529
678d21531,0.09356757,0.12716259,0.32393947,0.45533037
679dad3c6,0.07804806,0.1329133,0.22237684,0.5666618
67e7da152,0.15558283,0.4334208,0.34770867,0.06328768
685cbaf7f,0.34497958,0.3516169,0.25782314,0.04558036
68936da8c,0.09690284,0.1262787,0.28479606,0.4920224
68f3cfdcb,0.22568327,0.23887323,0.2713474,0.2640961
69975d223,0.24412669,0.26023045,0.19327909,0.30236375
69ba6c8d8,0.25467494,0.3828998,0.18195537,0.18046989
69c1801cb,0.14471652,0.3251103,0.3603861,0.1697871
69d8727b7,0.48315376,0.30516744,0.13929804,0.07238079
6a3ff7445,0.16742226,0.27866936,0.2736514,0.280257
6ade0f2fe,0.22521879,0.22989948,0.25820622,0.2866755
6bd1fee01,0.17100304,0.2543604,0.27521625,0.2994203
6be26ea05,0.24260986,0.27527308,0.26893786,0.21317922
6bf08dced,0.24707007,0.2782462,0.25639057,0.21829316
6bf713e5d,0.62290394,0.24972346,0.09862774,0.028744822
6c64dd197,0.17647952,0.20130882,0.29137477,0.3308369
6c6a5b5ac,0.38989863,0.38403863,0.15904458,0.06701818
6c7db281b,0.235809,0.2519029,0.27217612,0.240112
6c7fc08e6,0.5654132,0.2612063,0.11985164,0.053528883
6c896760b,0.3506363,0.2905387,0.18408845,0.17473656
6cb5e1b06,0.29391617,0.2585058,0.266961,0.18061706
6d18cc71d,0.08387373,0.10422717,0.30581793,0.50608116
6d1c281f9,0.20932563,0.37583327,0.3142343,0.10060679
6d24fab68,0.22252764,0.41745067,0.24821846,0.11180324
6d8793638,0.31417814,0.2223332,0.30927294,0.15421574
6d95c8ec6,0.2247165,0.23144753,0.24874933,0.29508665
6d994c50c,0.13985218,0.44198972,0.3271642,0.0909939
6da06ed36,0.29814622,0.24693999,0.22844014,0.22647366
6dac572be,0.10604682,0.14936586,0.3313162,0.41327113
6dcce539c,0.30764356,0.37965947,0.26302898,0.04966801
6dcff2b5b,0.2605673,0.26614612,0.24789765,0.22538891
6e3631a29,0.21596852,0.29652697,0.25599954,0.23150499
6e61a7b46,0.21477643,0.22239028,0.23163894,0.33119434
6ea2ddaf2,0.21273032,0.38111582,0.3293299,0.07682394
6ea65996b,0.044965025,0.09532101,0.21638125,0.6433327
6ef7f0012,0.4267396,0.2774104,0.17352282,0.12232718
6f0cb510a,0.110198334,0.21238984,0.4553597,0.22205214
6f863a03a,0.17868091,0.3559324,0.34490407,0.12048262
70b3d1f9c,0.29157695,0.25742552,0.23044483,0.2205527
711bebb99,0.06996305,0.08258725,0.14883749,0.6986122
71eac2c5e,0.12637436,0.16834834,0.2930165,0.4122608
71f93d157,0.22040364,0.4846573,0.22709693,0.06784214
722beb3aa,0.1667998,0.2282026,0.16678217,0.43821543
72b0f5c4d,0.41680297,0.34973428,0.15817255,0.0752902
72bb30805,0.24959543,0.26532543,0.24954493,0.23553419
72bd22c9e,0.2886915,0.25676745,0.23586613,0.21867493
72d753384,0.119695485,0.1405797,0.16755472,0.5721701
73066f6ff,0.07350299,0.09592544,0.16570573,0.66486585
732b578ff,0.3371893,0.3850316,0.1979274,0.0798517
732fa3cb9,0.08719946,0.1352862,0.34948334,0.42803097
733ccdc63,0.06791455,0.10241211,0.36794546,0.4617279
733f9942b,0.060460716,0.07724727,0.2654689,0.59682316
7390b70c5,0.104488604,0.14818637,0.34159923,0.40572578
742cced96,0.16227528,0.3640479,0.39662746,0.07704935
749afb385,0.12606889,0.16899699,0.48265246,0.22228165
74ca92e79,0.24692598,0.25848013,0.25936034,0.23523355
7509ed502,0.113105476,0.13880946,0.25004542,0.49803963
752b2d9c5,0.25685233,0.2650556,0.25316235,0.22492972
755f10f8a,0.12679708,0.1938238,0.40419552,0.2751836
756025f7c,0.3205929,0.3990865,0.2138375,0.06648307
7564c7b62,0.22215125,0.22672254,0.24772309,0.30340314
75a803430,0.19123587,0.32134664,0.3477123,0.1397052
75bfbc825,0.08409012,0.12496696,0.39533126,0.39561167
75f574b0a,0.220933,0.35676092,0.26790708,0.154399
76024f2ed,0.05066195,0.08678389,0.22608979,0.63646436
761523328,0.25702912,0.32933313,0.2851701,0.12846766
765039f34,0.20485954,0.37604395,0.3483918,0.070704706
765bd139e,0.23328522,0.24866498,0.28302452,0.23502529
76a045292,0.23312975,0.24461246,0.2585799,0.26367787
76d3ef2a4,0.15049888,0.23715112,0.34741336,0.26493666
77c9c2e64,0.3894059,0.3376017,0.1848045,0.08818791
780dff088,0.09945041,0.11779803,0.18958429,0.5931673
78551abb5,0.26892942,0.3399463,0.2960852,0.095039085
7867f152c,0.30965245,0.35198772,0.21658523,0.12177462
78f87a45d,0.26651463,0.27443442,0.2525764,0.20647457
791560e54,0.56888413,0.25245532,0.114791684,0.063868865
7930e4752,0.15579891,0.27251297,0.4017843,0.16990381
7931ba838,0.18558599,0.27981976,0.25556332,0.27903092
794806010,0.1666871,0.32051143,0.33188888,0.18091257
796cc971d,0.06621547,0.0789693,0.31448695,0.54032826
797725280,0.3079638,0.34257722,0.23114431,0.11831467
79786edcd,0.22144698,0.22843216,0.23596576,0.3141551
798a0cb05,0.079685375,0.1033446,0.39303032,0.42393973
798ff640c,0.3284205,0.33354974,0.18530196,0.1527278
799aad68b,0.24414164,0.27129,0.26125768,0.22331068
799c6852c,0.2377801,0.24542353,0.25451127,0.26228514
79db05f63,0.35459664,0.383904,0.19267307,0.06882627
7a31d17c7,0.11681964,0.20191744,0.6304606,0.05080232
7a7f8a828,0.24276826,0.25754195,0.24435647,0.2553333
7a84326ff,0.071988374,0.08984263,0.170043,0.668126
7aa58b134,0.28533232,0.4283217,0.19671749,0.0896285
7af09e92f,0.121361725,0.14647803,0.26796964,0.4641906
7b13bde34,0.47994724,0.2992268,0.12607867,0.09474731
7b1c82382,0.38142636,0.31746346,0.17730486,0.123805314
7b49d0924,0.44975084,0.33715767,0.16704223,0.046049252
7b8924342,0.14122577,0.2071765,0.36723733,0.28436038
7b8d76961,0.20819373,0.3239964,0.2823781,0.18543175
7baa8082a,0.2716229,0.26451522,0.24501368,0.2188482
7bead49ed,0.22400199,0.23012061,0.24255475,0.30332264
7c3481fda,0.48459837,0.3178505,0.13358907,0.063962065
7ca5ee472,0.21195991,0.34197065,0.28064016,0.16542928
7cf995ca4,0.25109357,0.2664553,0.2640702,0.21838093
7cfb6fe9c,0.5518747,0.24940783,0.16580427,0.03291322
7d0aedfb3,0.22342545,0.2327759,0.26498133,0.27881736
7d1d7a4f6,0.11809643,0.41145232,0.3863959,0.08405534
7d86df9b0,0.2517961,0.26803416,0.25363663,0.22653313
7dfa4e393,0.2886,0.36924434,0.26694202,0.075213626
7e3d0e3f0,0.07701353,0.13070427,0.38187242,0.41040978
7ead795bb,0.1818207,0.23986858,0.23100674,0.34730396
7f5cb9583,0.59929764,0.26852,0.098855846,0.033326548
7f7080e6b,0.39237323,0.39409515,0.18562888,0.027902737
7f9f1a2d0,0.11500306,0.14512369,0.28740042,0.45247284
7fb135352,0.08835443,0.22849664,0.3265859,0.35656303
80034deb8,0.034513235,0.08180889,0.12878218,0.7548957
8019d0c63,0.059081525,0.095664166,0.21127139,0.6339829
802b1f331,0.300354,0.4183433,0.24813545,0.033167247
810ae61da,0.28734016,0.4041929,0.23241223,0.07605469
812ec1ab5,0.30159685,0.25329268,0.22855006,0.21656041
813658b4b,0.17776968,0.3063891,0.37095276,0.14488846
8170c6b01,0.43908542,0.3351386,0.15940858,0.06636741
81bc89458,0.3582416,0.3760119,0.19592759,0.0698189
81d6d070c,0.24191597,0.25664726,0.2534925,0.24794425
8229b256e,0.23468739,0.25707904,0.2807329,0.22750066
822b31b85,0.14940624,0.21905608,0.32327363,0.30826405
82a97cd8d,0.12490024,0.14984347,0.24612075,0.47913554
831505752,0.303551,0.3697719,0.20303234,0.123644754
8328ec7f4,0.24738224,0.27925575,0.2531719,0.22019012
8368a0a44,0.45431393,0.2949033,0.17600101,0.07478174
83703d7e0,0.09426852,0.12770158,0.24148956,0.5365403
83d15cf4d,0.24281186,0.26124004,0.25166902,0.24427909
84998166f,0.217635,0.3798491,0.24216479,0.1603511
84f065b56,0.17463373,0.2542152,0.3092258,0.26192525
850875906,0.52580523,0.28363207,0.13192844,0.058634236
850a43f90,0.22590204,0.4708185,0.24051367,0.06276579
851302ab1,0.18907233,0.2104818,0.32741913,0.27302676
858854bb5,0.24786222,0.2511391,0.2602189,0.24077979
858b1443e,0.089340776,0.11156755,0.19470549,0.60438615
85b57bb1e,0.025142413,0.046155907,0.065602705,0.863099
85ca390a0,0.3304584,0.33780587,0.19339599,0.13833977
85f63b533,0.09791184,0.14465915,0.21355154,0.5438775
863947277,0.09475511,0.1864752,0.6424283,0.076341376
865ee6652,0.110554025,0.1480094,0.3354782,0.40595838
8673a672d,0.20442268,0.3643968,0.29184133,0.1393392
8685546cb,0.07336222,0.08894472,0.14362893,0.69406414
868dcd617,0.46408463,0.34837645,0.15978204,0.027756901
86aeb2732,0.29936212,0.36588508,0.23178412,0.10296867
86c35033b,0.19316919,0.14939082,0.3200531,0.33738688
86ce90970,0.08399622,0.11616488,0.26076162,0.5390773
86d87d5f7,0.104555264,0.13253054,0.19670098,0.56621325
86e49d18d,0.13359341,0.17735967,0.27038333,0.4186636
86ff8539d,0.25737286,0.25498953,0.24929953,0.23833808
871a00e21,0.11726931,0.46898454,0.34282923,0.07091693
872317673,0.091402955,0.12507935,0.23235883,0.55115885
872d79999,0.3808939,0.38964632,0.19118859,0.038271185
873996ad0,0.19899498,0.24819636,0.27909136,0.2737173
876dd37df,0.10228305,0.09413371,0.19436559,0.60921764
87aff0121,0.08078412,0.13517562,0.38678026,0.39726
8803fb1c2,0.20545365,0.3302891,0.3494955,0.11476175
881d46cc0,0.48996487,0.2937759,0.1470174,0.069241844
8849d3fe9,0.36210197,0.3897677,0.17417258,0.07395773
885c668e4,0.2975443,0.24787991,0.22792093,0.22665486
886d23c56,0.22657403,0.23768325,0.26648387,0.26925883
88c0e21d1,0.07004416,0.101283066,0.15824005,0.67043275
8947bf4b9,0.35875228,0.35388565,0.19212355,0.09523854
89792afe0,0.08061747,0.1458177,0.27550647,0.49805835
89bdd90b8,0.22390886,0.22966813,0.24304722,0.3033758
89e43a001,0.6064643,0.23636435,0.12673172,0.030439585
8a1e12a30,0.3708871,0.3672885,0.17473808,0.08708632
8a99dadaf,0.1176825,0.42799684,0.43147686,0.022843767
8af4db3f3,0.082100905,0.12376118,0.10111253,0.6930254
8b0fa13e1,0.04948948,0.09205853,0.12632717,0.7321248
8b85a3893,0.21975279,0.19778627,0.24449104,0.3379699
8b9d9a18b,0.24401134,0.43915156,0.25738633,0.059450775
8bd82188f,0.56462145,0.29382306,0.100410044,0.04114547
8bdffc917,0.1598175,0.28548533,0.33246392,0.22223324
8c10b6035,0.24382626,0.2757302,0.26208103,0.21836253
8c70e9de2,0.22861016,0.400315,0.2614906,0.10958425
8cbae6e2a,0.15298708,0.27690405,0.2093444,0.36076447
8cd96bf75,0.2663415,0.2645826,0.24371786,0.22535801
8ce613036,0.23301972,0.23935917,0.24978098,0.27784014
8cebbeec1,0.15851218,0.24456862,0.2742495,0.3226697
8cee52ff2,0.12953408,0.18113896,0.32686958,0.36245736
8d25867cb,0.2938378,0.25238565,0.23287247,0.22090407
8d6f10684,0.13053893,0.22720239,0.2675196,0.3747391
8d92ada81,0.260135,0.35990196,0.26532283,0.114640184
8da3d6fc5,0.4773151,0.24835262,0.121848755,0.15248352
8dfe4da6a,0.08265577,0.1223236,0.33365995,0.46136066
8e6e57951,0.2668678,0.42536625,0.22596648,0.08179947
8e8080bbe,0.06295194,0.10027854,0.3766152,0.46015432
8e9abddf0,0.067129016,0.081702724,0.10824988,0.7429184
8f0468771,0.40252766,0.27021956,0.20029414,0.12695867
8f639ea65,0.15781364,0.20158741,0.24577627,0.3948227
8f7265ddf,0.43143678,0.32114658,0.1782613,0.069155335
8fa705c07,0.37276706,0.34534004,0.18841136,0.09348157
90b927fdd,0.16762424,0.2660535,0.29725266,0.2690696
90bc90da2,0.45382333,0.31481647,0.16167884,0.069681354
9115f86cb,0.11274585,0.16150843,0.22775768,0.49798805
9185b2ed3,0.3791003,0.3553173,0.21828648,0.047295947
919820452,0.09135902,0.13179715,0.25004432,0.5267995
91a4c6b77,0.2517844,0.2574506,0.25310203,0.23766296
91d6a2898,0.24255066,0.2631159,0.26858675,0.22574666
91fca388a,0.28834218,0.29263338,0.27562073,0.1434037
921817343,0.14818262,0.2802112,0.41752246,0.15408373
9278f7216,0.22306979,0.23476645,0.34155256,0.20061119
9295d02bd,0.24961609,0.42578405,0.24042527,0.08417457
9296c9064,0.22504336,0.23205234,0.26180547,0.28109884
9296eb09d,0.2618053,0.47512645,0.21141073,0.051657513
92c42a055,0.43995932,0.34812665,0.18260948,0.029304553
92caf1d01,0.22379813,0.22884996,0.24752265,0.29982924
92d0ff357,0.20572273,0.48200423,0.26593974,0.046333287
92d5ac408,0.120769195,0.19660872,0.36475763,0.31786445
92db7f14c,0.30872822,0.25781366,0.20477854,0.2286796
933da53ee,0.07359889,0.105182074,0.21067584,0.6105432
937c2e14f,0.057509296,0.07898574,0.14856163,0.71494335
937d74077,0.2250353,0.23181295,0.2582089,0.28494287
93cdb10e6,0.09922449,0.123164974,0.25261068,0.52499986
93cfea76a,0.43317264,0.24951081,0.19025618,0.12706035
940b0ad69,0.64728594,0.20105639,0.09813048,0.053527176
943e9242f,0.63037807,0.21273537,0.1049635,0.051923055
94918fff6,0.11807891,0.13718538,0.40964028,0.33509544
94dc20e92,0.10956034,0.13930061,0.21229391,0.5388451
95636a0d9,0.08829617,0.113793015,0.27661008,0.52130073
95708d284,0.23611453,0.2565192,0.2737319,0.2336344
9572f7e6b,0.2436495,0.21008757,0.2517692,0.29449373
95b24de4a,0.2275855,0.2352249,0.24594605,0.29124355
9697ebf42,0.41333696,0.27581096,0.20094962,0.109902464
96a0b8d03,0.5230459,0.27785158,0.13291934,0.06618316
96ad633d6,0.22570753,0.46156174,0.2332918,0.07943892
96b39751e,0.19115613,0.47491172,0.26069233,0.07323984
96cbe1e48,0.2600142,0.27189547,0.23007295,0.23801738
96d7ed5de,0.21717407,0.22214428,0.23205513,0.32862654
9718baba0,0.119426206,0.2529647,0.46826634,0.15934274
9726ab93e,0.18694957,0.3057906,0.26202044,0.2452394
972fba985,0.16871387,0.19252546,0.2387243,0.40003636
975cf510c,0.16485187,0.21915118,0.27848807,0.33750886
975d32d75,0.2591487,0.28108376,0.24169947,0.21806808
976fcf5a9,0.28376353,0.41538155,0.22595893,0.07489598
97b469d4b,0.22804752,0.23764108,0.25760663,0.2767048
97e47e7c0,0.2360414,0.4691649,0.24745701,0.047336664
97f683e04,0.30183303,0.39322704,0.21509391,0.08984599
9801a0f9c,0.21662125,0.4764308,0.24550276,0.061445177
9827921f8,0.113726474,0.19574893,0.4742783,0.21624629
9849173ee,0.293699,0.29616854,0.2487813,0.16135117
988c18c10,0.102313764,0.13280955,0.23063059,0.5342461
98ae7d88d,0.26333675,0.25567424,0.24430656,0.23668242
991519fdb,0.23521186,0.23990622,0.25633273,0.2685492
9926c6e5b,0.48787022,0.27687073,0.1405016,0.09475747
992feb0f1,0.18600434,0.30906218,0.3384486,0.16648486
9945b5ac5,0.2452643,0.5014977,0.22323805,0.029999988
9951dff79,0.15834232,0.17389451,0.31529972,0.35246345
99558ec92,0.07833081,0.120068975,0.36227876,0.43932146
99ba6513a,0.118125096,0.15497263,0.31534094,0.41156134
99d5d4d41,0.24335523,0.3632382,0.23309897,0.16030762
9a3224461,0.21444191,0.2661934,0.2954531,0.2239116
9a48cc316,0.15004727,0.2645131,0.44811398,0.13732563
9ab7e48e8,0.27704242,0.26416925,0.23947813,0.2193102
9ac5a9faf,0.092582986,0.14128473,0.36734197,0.39879033
9ad6f6fae,0.20266521,0.44079807,0.2964185,0.06011823
9adf0f234,0.107942246,0.14737123,0.24905725,0.49562925
9b1241ef0,0.17323811,0.21976782,0.20562991,0.40136415
9b9cadd98,0.2434214,0.26931253,0.2662644,0.22100165
9bbd8c277,0.2971611,0.25333998,0.23155986,0.21793906
9bec6db97,0.33033365,0.3486877,0.25087085,0.07010779
9c1ec9939,0.30217725,0.25264704,0.22901605,0.21615966
9c3f9ca37,0.14023486,0.23582275,0.40372947,0.22021294
9c580ca06,0.09229207,0.12227934,0.369965,0.4154636
9c76163ca,0.09745216,0.12941752,0.2512201,0.5219102
