PetID,cb_1,cb_2,cb_3,cb_4
d3b4f29f8,0.16071638,0.18800324,0.3344165,0.31686386
e9dc82251,0.37580281,0.31645632,0.2377346,0.07000623
8111f6d4a,0.13667862,0.19983418,0.37678826,0.28669897
693a90fda,0.28550342,0.29002652,0.23707274,0.18739735
9d08c85ef,0.3393515,0.27585927,0.21287416,0.17191508
45af03266,0.40292224,0.23487037,0.17082636,0.19138102
01a07b591,0.26077864,0.25126195,0.22813635,0.25982308
10e723583,0.2417974,0.2631356,0.26516518,0.2299018
324266c95,0.46820992,0.29960567,0.16343433,0.068750076
b6fbfa344,0.26665255,0.24368022,0.23665993,0.2530073
8df0bb3b3,0.25986746,0.28314605,0.26665524,0.19033122
a05e81f9f,0.23056018,0.22305669,0.23996316,0.30641997
311479c63,0.48940012,0.23550001,0.11724004,0.15785983
11aa441fe,0.067027785,0.13202605,0.61423635,0.18670982
25fc96414,0.076768026,0.18758124,0.55866045,0.17699027
a6783a1c6,0.21331896,0.25855115,0.24830434,0.27982557
05aaee8ce,0.52033883,0.24323662,0.11947436,0.116950214
1d3dd0cb8,0.238203,0.23692228,0.23953483,0.2853399
f20fa5c38,0.24375406,0.2795528,0.28378785,0.19290529
b8bc0c25c,0.17964907,0.27481234,0.3799458,0.16559279
8f45b9967,0.3460681,0.25967103,0.21161129,0.18264958
b7f7e01c6,0.1596844,0.30302882,0.24588376,0.29140303
f41a7de83,0.17184272,0.1882158,0.20897934,0.43096215
e7e2eca9e,0.19950265,0.20849273,0.2304893,0.36151534
f2f8667a2,0.22331016,0.2655106,0.26905257,0.24212667
54b687d7c,0.2169981,0.23347479,0.2953407,0.25418642
6438c6b3f,0.09552234,0.12293107,0.14349744,0.6380492
831505752,0.26241407,0.2612172,0.24628298,0.23008573
106128c56,0.18936193,0.19696696,0.24109863,0.37257248
c8f5f9120,0.3389262,0.26645643,0.22200051,0.17261687
671ffc570,0.21386778,0.22316453,0.30681372,0.25615397
279ca5034,0.19364959,0.20139936,0.22434458,0.38060647
f653550ac,0.22358477,0.2275236,0.2362434,0.31264824
9dae4e297,0.22015463,0.29576498,0.3075626,0.17651778
5925cf3fa,0.24934402,0.2363759,0.28270718,0.23157288
066498aa1,0.23221004,0.25185505,0.250821,0.2651139
568a5ab51,0.17699307,0.1646623,0.20259355,0.4557511
a65853183,0.3905265,0.250582,0.18516387,0.17372762
3da55a076,0.20007297,0.21222736,0.19246584,0.39523384
48f20f515,0.2126683,0.25468498,0.3209569,0.21168983
fe3d33ae1,0.27819052,0.25698483,0.23950331,0.22532134
850a43f90,0.24001849,0.2638782,0.26841003,0.2276933
113204c87,0.022943357,0.059991803,0.085581176,0.83148366
a8f43bea5,0.26877654,0.2536422,0.24599421,0.23158704
13296aae7,0.24515687,0.23161064,0.24116594,0.28206655
c59fe4bcd,0.22765449,0.28451008,0.3009005,0.18693495
abf1716a9,0.24053048,0.2622928,0.26740894,0.22976778
9718baba0,0.24395393,0.2589961,0.2609711,0.23607887
39ba962ef,0.12819766,0.2311328,0.50773805,0.13293147
34edfc9d5,0.19636519,0.21839848,0.282252,0.3029843
6220663ba,0.20050825,0.26436782,0.33634397,0.19877996
4501c8125,0.3258129,0.26919702,0.22385539,0.1811347
b138f5cc9,0.17514893,0.1914103,0.21568209,0.41775867
dbfb1869f,0.1769348,0.14907137,0.18595925,0.48803458
dbcf45977,0.21508104,0.20876783,0.23587047,0.34028068
3b1391dda,0.23883213,0.23674983,0.24025944,0.2841586
006610fe3,0.05882523,0.076651104,0.24282329,0.6217004
1020c8f00,0.32867655,0.29616153,0.22554299,0.14961894
dc1d76def,0.5696384,0.20930842,0.16371661,0.057336602
6134ae21d,0.21479058,0.2102715,0.24066968,0.33426824
0f1424059,0.25121817,0.2395905,0.2332624,0.27592894
befafd8d3,0.19063453,0.2296355,0.30435014,0.27537984
482d05dc8,0.23616683,0.27345487,0.30021906,0.19015923
7b0d325d8,0.20693132,0.20111953,0.22381131,0.36813784
373f757c7,0.3203703,0.2747531,0.3173148,0.087561816
e1c40a1eb,0.28326005,0.2582417,0.21436572,0.2441325
9f2dd031a,0.116482176,0.1332106,0.32291892,0.4273883
1c1bb3cd4,0.2204035,0.23119454,0.23127206,0.31712988
9a719040f,0.19737153,0.19847193,0.21328738,0.39086914
3af1dedf7,0.20243001,0.21931545,0.30155158,0.27670294
b7006ed96,0.24970606,0.259494,0.28545016,0.20534976
9ebf6e448,0.31044197,0.25454557,0.22390021,0.21111222
21d8f0d2f,0.032121096,0.08424506,0.19056699,0.69306684
9e172ab13,0.27799323,0.39396715,0.24820055,0.07983909
261fc97ec,0.3071464,0.26754376,0.22432901,0.20098083
ef2ee6e9b,0.13739417,0.13512972,0.2133701,0.514106
a9bfec3ba,0.24601659,0.24425134,0.25511903,0.25461304
3e463e29e,0.2621064,0.26435927,0.24786343,0.22567093
f5e35ea02,0.055531345,0.08849074,0.1714632,0.6845147
f4ab04385,0.3330128,0.26680374,0.2205586,0.17962487
49aaa4f94,0.2571807,0.2591459,0.258007,0.22566642
898476994,0.17723127,0.18970197,0.20980279,0.42326397
b19556858,0.21531565,0.23085475,0.30624688,0.24758272
6d994c50c,0.25103018,0.26517293,0.25346875,0.23032816
6a3ff7445,0.23835035,0.24347074,0.25175178,0.26642713
5e6de643b,0.24260996,0.26207784,0.2631129,0.2321993
cf020a716,0.041564323,0.10207578,0.15419787,0.702162
5c92de3f6,0.18673128,0.2687988,0.30045906,0.24401088
5297d9ba8,0.29348573,0.2739947,0.23070538,0.20181416
89a41673f,0.58940434,0.29749525,0.07165263,0.0414478
d965d6f3a,0.16308647,0.13896486,0.24749118,0.45045748
0db65104a,0.25677723,0.28833956,0.2503037,0.20457953
25c48e7ff,0.15534136,0.28106898,0.25971028,0.3038794
685cbaf7f,0.24933739,0.26518375,0.25277662,0.23270223
c93191313,0.2679204,0.29023573,0.26055434,0.18128952
1c411730a,0.3225868,0.30533296,0.20732898,0.16475125
ca7075738,0.24092366,0.24714626,0.25938687,0.2525432
b2676e6b1,0.23808621,0.24843031,0.25480014,0.25868332
301a245e6,0.27501428,0.2728212,0.25054654,0.20161802
94afcd90c,0.24269196,0.2883803,0.27292594,0.19600178
1ed55129a,0.42575324,0.2970922,0.17366192,0.10349267
4175a27e1,0.23273592,0.2372001,0.24815623,0.28190774
0aa767c04,0.17373462,0.19018807,0.22950594,0.4065714
859b2a95b,0.30543175,0.2172564,0.23155956,0.2457523
6cbbe5cd9,0.10437896,0.16212432,0.30762443,0.4258723
f928a7e7f,0.17254099,0.1878325,0.21348563,0.42614087
28bafb2ee,0.45404682,0.25695422,0.22006594,0.06893303
7667378df,0.23023754,0.23130685,0.21702231,0.32143328
da7895cbd,0.24446788,0.2561281,0.25624883,0.2431552
e08649ba2,0.21432588,0.24099611,0.29331475,0.25136325
117a7da85,0.23562187,0.2124571,0.18238127,0.36953977
158a55025,0.084711604,0.24760216,0.5222391,0.14544716
018e4d193,0.07114186,0.13055864,0.26840714,0.5298923
b4fb9949b,0.3669016,0.2880328,0.22683069,0.11823491
f5cb16efb,0.0735535,0.13175094,0.20767531,0.5870203
199277f1a,0.24609561,0.24101998,0.24810255,0.26478186
9f9bfa4d9,0.11855261,0.14158006,0.22778343,0.5120839
8ecb9aab0,0.4207993,0.33146,0.20243762,0.045303106
be5595abb,0.24312168,0.26536185,0.26340553,0.22811094
24dbfaf39,0.20256737,0.30864856,0.30781642,0.18096766
43021e4ed,0.06841564,0.11734633,0.16859096,0.64564705
7374edef0,0.23139061,0.24323165,0.29610234,0.22927538
2fcbb6376,0.2521273,0.22274025,0.23288861,0.29224384
a9c968c38,0.2242435,0.2968279,0.28805056,0.19087802
2d8db1c19,0.18208236,0.191723,0.21040279,0.41579184
d03356a0e,0.26588473,0.22227511,0.23450616,0.27733403
9dfd5312c,0.042815857,0.0871861,0.13109373,0.7389043
96d7ed5de,0.23774092,0.23555273,0.23833959,0.28836676
3d011c364,0.17983402,0.19763714,0.22308396,0.39944488
74cd0ff66,0.2331632,0.24600448,0.28518137,0.23565096
24bbd04ce,0.27088234,0.24953005,0.25216037,0.22742726
1117a135d,0.17870323,0.190328,0.21269919,0.41826957
69975d223,0.2360897,0.23354438,0.2379516,0.2924143
2ad6c7675,0.26925522,0.2772577,0.25965366,0.19383341
f2472c8dd,0.20932283,0.20730998,0.18541099,0.3979562
a22daaa5f,0.2603361,0.25731623,0.24942178,0.23292588
1246bed4f,0.02262956,0.041384794,0.068302326,0.8676833
f680cd37a,0.089874625,0.13882335,0.27536312,0.49593893
6185f59bf,0.13879102,0.13780773,0.32276297,0.40063828
128b247b8,0.34066176,0.3351673,0.2257676,0.098403364
3161fe0f4,0.3895334,0.35680774,0.19543584,0.058223028
0133b2a29,0.32638496,0.24539165,0.22100638,0.20721701
8b636912d,0.27650544,0.28827634,0.24392103,0.19129717
b833f9624,0.030246422,0.06491542,0.17247334,0.73236483
34090e9d6,0.07523484,0.12442398,0.19182579,0.6085154
c7eac7b01,0.28924084,0.2524672,0.23445842,0.22383358
e6335f2ee,0.20688564,0.21598126,0.26309624,0.31403685
7e250a5f1,0.3786124,0.33895668,0.20291136,0.07951956
480f33a74,0.28202188,0.2598544,0.23557486,0.22254887
454aa9e20,0.40274337,0.28112012,0.1838372,0.13229932
157e3e074,0.28641194,0.28759953,0.24781458,0.17817394
dbaacc7e8,0.21801911,0.21299592,0.23224784,0.33673713
251bace70,0.24418323,0.25141704,0.25573218,0.24866755
c0b3f2081,0.13574734,0.30343845,0.3524571,0.2083571
0af685a60,0.28721887,0.23294109,0.23354866,0.2462914
01f4746ef,0.2707199,0.28337732,0.25137076,0.19453205
bb9a64e6f,0.2752097,0.2933618,0.25358224,0.17784624
8d0f353e2,0.17925586,0.35367128,0.35700828,0.110064566
f247a5242,0.026724469,0.053535495,0.13081215,0.7889279
49d4a0adf,0.16758782,0.18507482,0.20873405,0.4386033
7e3c6f81d,0.09327536,0.15849599,0.23102199,0.51720667
9c680abbe,0.3042706,0.2776343,0.23125742,0.18683769
67c9d22df,0.4681015,0.25427368,0.15399836,0.123626456
0090eb457,0.24653739,0.248762,0.25920385,0.24549673
0b6064845,0.22742206,0.23131448,0.23863022,0.30263326
1f6fe20fc,0.24927825,0.26475626,0.25758952,0.22837597
2cde24ccc,0.07942353,0.20288335,0.3742313,0.34346178
c222a4955,0.2182776,0.23945393,0.27222028,0.2700482
65470d9c0,0.28946096,0.3843238,0.28413394,0.04208131
c00b7ba5d,0.24873404,0.2761806,0.25873342,0.21635196
683f1dfd8,0.18160036,0.19243401,0.22766896,0.39829668
8813e5e4d,0.07747267,0.13215417,0.1895226,0.6008506
10e26690b,0.23614122,0.38260603,0.28052008,0.100732684
b6f1e40a5,0.10740864,0.15167466,0.28509066,0.45582604
7b052d37d,0.576526,0.228012,0.13877311,0.056688886
5dc7d3dc7,0.17721584,0.32951042,0.31203228,0.18124145
c7c99d389,0.32838595,0.31241807,0.21152507,0.14767094
d2f216860,0.17599456,0.21326649,0.20815061,0.40258834
d605cb217,0.24247196,0.24060905,0.24792123,0.26899776
9d4e91ab0,0.17207572,0.18746641,0.212023,0.42843485
9942bce62,0.2546446,0.22554551,0.34257072,0.17723916
e0667be3b,0.27727845,0.24749568,0.2431983,0.23202756
c0ca6dd73,0.30053696,0.3093983,0.20817311,0.1818916
4fcd7cfe0,0.1466178,0.4147603,0.34617847,0.09244343
9625d0998,0.38996974,0.21475977,0.21615975,0.17911077
8773f250c,0.25914824,0.27514708,0.27349985,0.19220482
b2876d101,0.2330461,0.23917237,0.25064895,0.27713257
8988d22a5,0.17077726,0.18853146,0.21093586,0.42975542
cbf20c4b0,0.031918157,0.06720141,0.17037208,0.7305083
89e43a001,0.26498163,0.26441833,0.24504249,0.22555754
085c9be4a,0.16522309,0.27500892,0.317324,0.24244396
e50570999,0.26200202,0.26444703,0.24668701,0.22686392
8a464e436,0.28507462,0.2641411,0.24830775,0.2024765
da8d56dff,0.20465764,0.2133374,0.22758682,0.35441813
e08e93f16,0.32135382,0.2736804,0.22313349,0.18183228
db23b96cb,0.19190465,0.20807229,0.22182603,0.37819704
bb78d1aa5,0.21890283,0.2298486,0.2913099,0.2599387
29aa0b74b,0.09577233,0.21547353,0.47614622,0.21260792
7395053bc,0.21356945,0.22487843,0.2595462,0.30200592
7413a61ae,0.21709484,0.2121468,0.23752125,0.3332371
9abb10f2f,0.31669956,0.27578452,0.22346015,0.18405576
58e2cf3d9,0.3002238,0.32002687,0.24337873,0.13637063
a0cc9df12,0.3438919,0.27558064,0.24867164,0.13185585
ba4f42314,0.23750208,0.23439647,0.2371635,0.29093793
f829fad2b,0.27215603,0.21566725,0.22318229,0.28899443
df0a5e6c5,0.2054859,0.21093549,0.24690835,0.33667028
3c30c4a49,0.25194213,0.21529908,0.23188433,0.30087444
5181f9924,0.24501546,0.2549545,0.25346774,0.24656233
97c13bdf2,0.25374788,0.21950972,0.2326098,0.2941326
fa1badbb7,0.46579245,0.22456111,0.22853142,0.08111502
d29d34cfe,0.30978185,0.2740932,0.24016601,0.17595895
abc69ab7f,0.15197536,0.16103157,0.22592399,0.46106908
4fc9dee58,0.3316242,0.30587825,0.24557774,0.116919786
6668ff629,0.2497188,0.2581509,0.25303927,0.23909104
a4ade8bb2,0.2797432,0.27798617,0.2468814,0.19538927
f9d566df8,0.13369599,0.31132144,0.33112848,0.2238541
8b85a3893,0.24234024,0.24008968,0.24166691,0.27590317
7e3d0e3f0,0.23852053,0.250162,0.2646443,0.24667318
9f4a72311,0.07812605,0.32743287,0.509483,0.084958114
f15a31a01,0.22907515,0.22040343,0.23928502,0.3112364
c1f738966,0.23768587,0.24764986,0.24486221,0.26980203
66064ba80,0.23123756,0.262304,0.28570527,0.22075316
392cb224a,0.24951892,0.3257348,0.28215787,0.14258845
f205876aa,0.26227516,0.25391555,0.24009623,0.24371307
3740bcc5d,0.17538616,0.2819285,0.35297307,0.18971224
ba392c802,0.09281265,0.13794647,0.19966619,0.5695747
6b685abae,0.24743743,0.25439155,0.25927874,0.23889227
8b8489a24,0.2635804,0.32181656,0.27117026,0.14343277
6c5b48801,0.31910554,0.27395886,0.22193101,0.18500456
28dc83755,0.31757206,0.27857095,0.22173534,0.18212165
45fd43894,0.21192005,0.22554302,0.27906734,0.2834696
160dcaec8,0.3954076,0.29620993,0.17959073,0.12879175
0c200f7a6,0.07910195,0.099024154,0.17024693,0.65162694
3d9784a88,0.2146163,0.26950982,0.25005722,0.26581663
eff316e87,0.20190102,0.20651077,0.2332667,0.35832152
5ffd4e822,0.088286504,0.2128282,0.5433984,0.15548694
83703d7e0,0.24211082,0.24876127,0.25413406,0.25499383
84c1afe03,0.080178574,0.11722591,0.22780533,0.5747902
b912b1114,0.11345182,0.54289687,0.28096092,0.06269043
14e52bdaf,0.039209705,0.10796963,0.14339238,0.7094283
9cf32e2a6,0.06273557,0.08591307,0.14132333,0.71002805
1377d2c0e,0.30799007,0.29091552,0.22121733,0.17987707
b859b9fa0,0.23479812,0.24487613,0.28104427,0.23928149
843738a2a,0.18593086,0.20120907,0.23304081,0.37981927
c8d2ed523,0.25589254,0.26634324,0.19165562,0.2861086
6d5afdb0f,0.17834298,0.19093023,0.20842601,0.4223008
2d06250ab,0.20972052,0.22249517,0.28460246,0.28318185
823d5bd7e,0.42994478,0.33388868,0.1451123,0.09105423
fed799a78,0.18097442,0.19680846,0.23475431,0.38746282
4a56df934,0.3701168,0.3210658,0.21700269,0.09181469
85094deda,0.1754308,0.22366779,0.3174533,0.28344813
4a0d03a9f,0.23462573,0.2324068,0.25384113,0.27912635
f506d3fd2,0.24739105,0.2536053,0.24955507,0.24944858
bc4e5abfd,0.31551808,0.27966917,0.22878945,0.1760233
e7b3f752a,0.15058006,0.17691776,0.19301271,0.47948945
c20aa0352,0.21390991,0.21016365,0.24598801,0.32993844
655eaa578,0.5180316,0.30533558,0.13372277,0.042910066
21178f3b0,0.24500087,0.260983,0.2589103,0.23510584
d18d572dd,0.26687038,0.25894642,0.24370094,0.23048227
002278114,0.45777035,0.34950083,0.14169604,0.05103279
62f87187d,0.50320446,0.19373448,0.14666495,0.15639609
930dcdef6,0.2335302,0.34806177,0.30603942,0.11236863
2f346ac72,0.19697426,0.21370615,0.25649476,0.33282483
88bc9864c,0.055842582,0.1048543,0.1552816,0.68402153
ae64cc2e7,0.16498984,0.18242224,0.20562807,0.44695985
cfc3e65de,0.2787893,0.26007393,0.23806958,0.22306718
69d95bc54,0.22991589,0.2474143,0.2826485,0.24002132
aef2fa931,0.16241549,0.17241624,0.20487428,0.46029398
0cf709a59,0.22219744,0.21284191,0.2356998,0.32926086
375a0eb3c,0.12519632,0.16986464,0.24716456,0.4577745
1d79d37b3,0.27004576,0.25899285,0.23695812,0.23400326
e15b26ed8,0.17619592,0.24502085,0.35271636,0.22606687
bddd63050,0.27360824,0.25376397,0.25589153,0.21673627
5bb4cc5d3,0.28445044,0.25934803,0.24016568,0.21603583
b96d69dc8,0.06453781,0.10596017,0.16840434,0.6610977
e28bad751,0.1778554,0.2289771,0.32363874,0.26952875
b188b50cd,0.2026196,0.23265763,0.298711,0.26601177
f8619af42,0.11637512,0.12570553,0.22455151,0.5333679
4d20f6163,0.22604267,0.23081484,0.24050407,0.3026384
1fe561ed9,0.27555925,0.2969582,0.27201283,0.15546973
798ff640c,0.24145515,0.24545811,0.26172403,0.2513627
938bcb826,0.29400235,0.29199314,0.2317178,0.18228672
85587ad13,0.2631033,0.25572634,0.26384142,0.21732892
f5dc70d35,0.2276784,0.23248376,0.2398427,0.29999515
b2f21fe63,0.31767473,0.24851964,0.22437865,0.209427
091a5da01,0.083572246,0.115625806,0.19930658,0.6014954
7d2fe6bb6,0.31422254,0.27222943,0.22248393,0.1910641
bd2f5699b,0.2350736,0.3655193,0.26513353,0.1342736
3ad53090d,0.23804714,0.2524897,0.25389463,0.25556856
207d61997,0.24135798,0.23360951,0.24923886,0.27579367
924373704,0.28651854,0.27826166,0.24833123,0.18688855
e0d18f038,0.2355175,0.24184605,0.25749624,0.2651402
1b1a68a60,0.37747365,0.36609203,0.18994367,0.06649065
a80687cf1,0.48299193,0.23862718,0.12790222,0.15047868
8660ad37b,0.20201176,0.22435395,0.3021216,0.2715127
23b3f793e,0.21555413,0.23517232,0.27083945,0.2784341
a3d4585c2,0.2193341,0.2460298,0.28857833,0.24605778
bf2f87f17,0.19459146,0.19934909,0.21496852,0.39109093
d19f035bc,0.0807469,0.1712898,0.2949555,0.45300782
2a6bb49f5,0.0603575,0.11858111,0.16987854,0.65118283
4574e3de4,0.2623487,0.32766515,0.27626893,0.13371721
cccd16111,0.22753207,0.23681828,0.27696273,0.2586869
18553e89b,0.40005785,0.35768226,0.18449976,0.05776014
2256216b1,0.2566628,0.23069681,0.23403394,0.27860644
53037f091,0.20392364,0.22024928,0.30943727,0.2663898
10836809d,0.18265265,0.2913782,0.37573916,0.15023
a906ff5f5,0.17184272,0.1882158,0.20897934,0.43096215
331c0bbf3,0.21546246,0.20929782,0.22442713,0.35081258
03f0fc32f,0.074562274,0.09091941,0.19854283,0.6359755
49f3710f9,0.06165133,0.1098559,0.17152627,0.6569665
f6c3b531d,0.5648079,0.23745775,0.13275217,0.06498216
e8e461026,0.28377745,0.2867571,0.24624683,0.18321863
a39ad6dc7,0.41605288,0.2510627,0.24883927,0.08404517
b09fa9385,0.19950786,0.25270125,0.32871917,0.21907172
8cb067b2f,0.077857465,0.16426733,0.61117435,0.14670089
d52f229d1,0.2478986,0.26376757,0.25836006,0.22997378
849ce39d4,0.26204014,0.24250627,0.23317903,0.26227453
541400630,0.21024314,0.22530451,0.29484808,0.26960424
919820452,0.24211082,0.24876127,0.25413406,0.25499383
302eb3771,0.32390407,0.27911904,0.2199205,0.17705637
c9cab5e67,0.3515508,0.2606774,0.21698387,0.17078795
d8e7caaff,0.1682609,0.13962585,0.21843477,0.4736785
66faa15c8,0.21985964,0.226502,0.24257594,0.3110624
7cfb6fe9c,0.2667102,0.25976205,0.2450631,0.22846465
01928bd13,0.36682183,0.24687846,0.20383361,0.1824661
4f66fa0c3,0.23400138,0.24009567,0.25030097,0.27560198
b5295b0e2,0.38682932,0.3960324,0.16410561,0.05303269
92f84c5b7,0.26265195,0.28135866,0.263177,0.19281238
58e24d608,0.2675744,0.26804933,0.26922417,0.19515212
ec40d007f,0.2434329,0.23700434,0.2681237,0.25143906
225f72952,0.23466635,0.27570418,0.27839476,0.2112347
2259cf6f8,0.3185857,0.27560475,0.26538813,0.1404214
fab063ed4,0.49035478,0.32898602,0.12579566,0.054863535
48317c9e5,0.2484034,0.26029962,0.25132203,0.23997495
846ca7805,0.12596458,0.17207529,0.21048768,0.49147245
c3106dcd5,0.34325328,0.29512373,0.22650298,0.13511999
eb64e3d68,0.51373595,0.31695545,0.123477936,0.045830663
d899c9ef7,0.18670322,0.1631689,0.19099845,0.45912942
bce0e17b9,0.37521774,0.24352187,0.21343815,0.16782223
fc3fbbb99,0.106616415,0.11543856,0.14357662,0.6343684
0adebbf21,0.06545848,0.08449472,0.21165334,0.63839346
8cce291a9,0.25373012,0.23660788,0.2526008,0.25706124
ff4d9a3c6,0.28257915,0.24171798,0.23788486,0.237818
0497c5ed8,0.24048445,0.18958504,0.22776751,0.342163
105c28771,0.08856942,0.12330578,0.2024907,0.5856341
5afa2e561,0.039480787,0.08178117,0.13288899,0.7458491
d5c4ef4c0,0.24785183,0.29278544,0.26504108,0.19432166
50fc25dbe,0.23852202,0.27979746,0.28945184,0.19222867
f7999c9bf,0.4240294,0.25323394,0.21600024,0.1067364
7a3471df7,0.17901963,0.16269216,0.25558996,0.40269825
e129ff4a1,0.24734566,0.25944299,0.2547237,0.23848765
b00e4262e,0.35544342,0.3963471,0.19602299,0.052186515
4f45bb293,0.2182209,0.29851282,0.29644448,0.18682179
776354931,0.08671871,0.12534286,0.25102308,0.53691536
aa2a3d9c7,0.24977635,0.24853079,0.2378804,0.26381248
e1d86f0b6,0.18484674,0.2192604,0.29355037,0.30234247
ebcdfedd2,0.18659624,0.19827618,0.22862746,0.38650012
a554dbeca,0.31975764,0.22995281,0.20559242,0.24469712
4f7bfcb68,0.24623787,0.25095502,0.25397086,0.24883626
cdd815db9,0.17184272,0.1882158,0.20897934,0.43096215
3f5f5782f,0.23532575,0.23795737,0.24766652,0.27905035
b549fd8be,0.23584087,0.23238647,0.2367657,0.29500696
47dda9537,0.16350792,0.24435845,0.2761907,0.3159429
f895c20f3,0.25988126,0.28119665,0.2546385,0.20428357
a963a6979,0.033670954,0.0710087,0.17726433,0.718056
70112a1b9,0.27382427,0.22995542,0.23268159,0.26353872
363e8df66,0.22348225,0.26475796,0.2769599,0.23479989
f0137d4e3,0.19739267,0.2059944,0.25961626,0.33699667
ddd7cc601,0.26066896,0.25376517,0.24954614,0.23601973
04f8947f3,0.2965221,0.27087718,0.282308,0.1502927
16eefbec7,0.1828715,0.19818094,0.22903648,0.3899111
e54ee8e55,0.5381445,0.27511248,0.12890053,0.057842445
001b1507c,0.3615113,0.24261034,0.21826686,0.17761151
42dd3f3ff,0.30034804,0.25988698,0.235226,0.20453897
a6e7b6870,0.23808621,0.24843031,0.25480014,0.25868332
6fc1c066e,0.2166867,0.23509902,0.2803635,0.26785076
eea30b615,0.2488363,0.2604031,0.2507107,0.24004991
88666f74e,0.24315865,0.34352055,0.28557643,0.12774435
09e39377f,0.24162112,0.25372452,0.26493043,0.23972392
69a1b02f6,0.30493835,0.26907626,0.23932606,0.18665934
00f3a3993,0.25677112,0.33329564,0.30109125,0.108841985
111748c15,0.22069483,0.22725248,0.29300967,0.259043
faec94482,0.25104657,0.28653598,0.27520114,0.18721628
a89005005,0.24045375,0.25977042,0.25785235,0.24192351
90bc90da2,0.26501152,0.26103187,0.24254245,0.23141415
c42cf01ba,0.21999925,0.3451861,0.27777338,0.15704124
10bbe5ea4,0.18072829,0.2250195,0.2678324,0.32641983
6d7e560d9,0.16688247,0.15739942,0.20940983,0.4663083
9572f7e6b,0.25593096,0.24279559,0.23940724,0.26186618
7959e3491,0.20680287,0.40406713,0.31138653,0.077743456
58805776d,0.24172623,0.23905572,0.24671534,0.2725027
9fdb3a2a2,0.2409092,0.15640855,0.19589531,0.40678695
1c7d56a42,0.23067968,0.23123673,0.23800571,0.3000779
5027f31e5,0.13055049,0.20234987,0.2906075,0.37649214
8ced67d36,0.274334,0.29886863,0.19666813,0.23012923
cf9bc2dc8,0.24653739,0.248762,0.25920385,0.24549673
a79983c71,0.076201305,0.20511915,0.58656824,0.1321113
15f89f939,0.49181432,0.32405934,0.14217563,0.04195072
61f95d269,0.3763273,0.1960608,0.17310265,0.25450924
1bb0600a7,0.2421342,0.25262156,0.25448087,0.2507634
8019d0c63,0.23113933,0.23519792,0.24777356,0.28588918
40d7cb083,0.34484613,0.26608613,0.2168731,0.17219464
188f8b07e,0.37683877,0.30985293,0.18044528,0.13286303
ec7ebdb47,0.22846887,0.24627136,0.2592878,0.265972
da8cfd914,0.27740505,0.28113696,0.24737607,0.19408193
2398599fc,0.18612795,0.17892706,0.25672895,0.37821606
63a1fb887,0.3014454,0.2681236,0.1872388,0.24319223
81da09ea9,0.30560917,0.28230023,0.22871597,0.18337461
360dcecb1,0.2681721,0.26051572,0.24150027,0.22981192
2027f2dfd,0.25474903,0.25459588,0.24693762,0.24371748
ea4fe7ae2,0.06961924,0.109334916,0.25178233,0.5692635
b3543dda3,0.28393266,0.262582,0.23940998,0.21407537
9e2a19b16,0.05511369,0.10318239,0.15410045,0.6876035
0a14ac037,0.25098866,0.28704718,0.26350278,0.19846138
f4cf82def,0.49273115,0.30380443,0.14466402,0.058800425
4ad400ba0,0.22003824,0.2222446,0.25473437,0.3029828
752b2d9c5,0.2503244,0.25736424,0.24824966,0.24406171
73b5c37dd,0.24835718,0.24943995,0.2524527,0.24975017
cd81fa60a,0.2053298,0.2792734,0.32397082,0.19142596
c362cc3cd,0.3196939,0.25491276,0.22439322,0.20100011
270461683,0.12537466,0.13780966,0.19128206,0.5455336
a6bc8d1a6,0.26673672,0.26949483,0.21172728,0.25204116
94d65e361,0.32125926,0.22661382,0.22086966,0.23125726
28e14ee81,0.31072,0.3947171,0.23469305,0.059869867
e4e128c70,0.14175925,0.182099,0.2231496,0.45299214
7b25498d6,0.20615825,0.21857424,0.27746522,0.29780227
9296c9064,0.24570777,0.25339842,0.26095077,0.23994304
b129e668c,0.22830755,0.23453839,0.24276331,0.29439077
9ee7776db,0.24001849,0.2638782,0.26841003,0.2276933
c0a4d02cc,0.32127738,0.37200612,0.20873497,0.09798153
4040a04bb,0.2383472,0.42891058,0.20601748,0.12672475
0fb548aac,0.20894702,0.23216814,0.30784878,0.25103608
3697f94e1,0.19544746,0.20652924,0.25067422,0.34734908
b586e1ea4,0.0675647,0.14371505,0.32265377,0.46606648
00a1f270a,0.23130792,0.23753193,0.24820192,0.2829582
3eaa698d3,0.08901379,0.1259665,0.16501637,0.62000334
f86c83084,0.24312168,0.26536185,0.26340553,0.22811094
1c9a90078,0.38890797,0.29194668,0.20222348,0.11692189
9fab4e65f,0.3007707,0.37973914,0.22232608,0.097164094
e128e9022,0.3930738,0.39332867,0.15020324,0.063394286
b43155295,0.28634614,0.2646309,0.23628564,0.21273728
6c1fa0fdb,0.17401035,0.18755805,0.21971144,0.41872016
71eac2c5e,0.23807298,0.24208143,0.2542665,0.26557907
6b3614a92,0.22328074,0.23406255,0.30481443,0.23784228
b24b7d23e,0.29459617,0.2411806,0.22503808,0.23918515
45afc38e4,0.3204025,0.25931054,0.22337356,0.1969134
886debfe8,0.21498825,0.24647987,0.30706355,0.23146833
511b4a044,0.21148483,0.22116159,0.2873127,0.2800409
c0fe34d97,0.38754025,0.3293232,0.19445415,0.08868239
fc7f7797c,0.29761395,0.28763404,0.23088689,0.18386512
0b942f000,0.23351493,0.23881231,0.2495627,0.27811006
d042e55ce,0.23869188,0.24536665,0.25114915,0.26479232
6cb63297c,0.21532711,0.1804301,0.29663414,0.30760866
e4efae0f1,0.24000214,0.23741049,0.24000515,0.28258222
bdffad31f,0.29913694,0.28414539,0.23882926,0.17788845
ce0294cec,0.2451679,0.27722332,0.26614818,0.2114606
ffbc3eaaf,0.23671617,0.234152,0.23880844,0.2903234
b165fe8b1,0.2551737,0.1935636,0.27117613,0.28008658
4a02b467d,0.32003248,0.2528046,0.22023734,0.20692557
1c7619fdc,0.2271473,0.23481467,0.24333379,0.29470423
2da9b0c2c,0.28472778,0.27380413,0.2391718,0.20229627
16e922149,0.231694,0.22191,0.29938182,0.24701416
c1917c88e,0.20410326,0.22682491,0.326397,0.24267481
f3082fa97,0.17899562,0.25062642,0.3309499,0.23942806
132a28bc9,0.31740233,0.2802272,0.22416534,0.17820512
b9dd5cfcf,0.27230102,0.27710655,0.2515597,0.19903271
39ef18e70,0.27269626,0.26207525,0.24546012,0.21976839
7b1c82382,0.26931575,0.24981113,0.24424174,0.23663141
b8fda5b3b,0.09643542,0.1311743,0.24568488,0.52670544
8834ac7da,0.11604716,0.13897873,0.1998835,0.5450906
7caa6d216,0.21562754,0.22802,0.22426955,0.33208293
c552e255a,0.27321422,0.2570474,0.2437568,0.22598156
e748f52b7,0.21476746,0.34221295,0.3292149,0.11380473
c53fb8a18,0.24312168,0.26536185,0.26340553,0.22811094
428877021,0.24523227,0.26627588,0.26091534,0.2275765
c3e1f5f86,0.16603853,0.29713088,0.42593935,0.110891216
9ac089108,0.29435733,0.20410523,0.26355746,0.23797996
a0490612e,0.32051766,0.2745752,0.22772798,0.17717919
660cd67ed,0.2064775,0.21655129,0.24287365,0.33409756
ea02306b2,0.53073317,0.22709846,0.100211,0.14195734
f8213a645,0.27863708,0.25828144,0.23984864,0.22323284
ef4059fae,0.2075862,0.23342581,0.32675645,0.23223154
9e6d5d0df,0.05013242,0.101654194,0.20545156,0.6427618
3f2a40f0a,0.19329822,0.20752959,0.25176352,0.34740865
20e4dbf48,0.13201088,0.1392264,0.28636423,0.4423985
5b72e14bf,0.2327922,0.45823765,0.25145474,0.05751542
9c6fdbcb4,0.2713123,0.23906633,0.24011871,0.24950266
fe481f81c,0.17140695,0.18876436,0.2106485,0.42918018
dc76a1735,0.19100794,0.19507357,0.21793246,0.39598602
fc93d7cc9,0.15919316,0.23959412,0.3937204,0.20749234
27eedd440,0.26164368,0.25909987,0.24784534,0.2314111
802b1f331,0.2540628,0.25097904,0.24999589,0.24496228
21ae91701,0.24653739,0.248762,0.25920385,0.24549673
4a8caef08,0.1477137,0.20353931,0.41936013,0.22938685
bdfe6125d,0.15407743,0.24696033,0.27522048,0.32374176
417c109aa,0.2371235,0.24153396,0.24027397,0.28106856
865619d53,0.15197603,0.18615791,0.22386935,0.43799672
4168bfd52,0.209354,0.2681087,0.32379526,0.19874206
b02fcb74b,0.2501439,0.25912926,0.25362772,0.23709916
5ddfaab43,0.3800225,0.23848045,0.21192649,0.16957055
87fadb3df,0.36714634,0.18787415,0.19025443,0.25472507
3f3e1f288,0.23695134,0.25688228,0.2895378,0.21662857
6ac437438,0.3667256,0.25100067,0.2145904,0.16768335
b8f94e1ff,0.28836405,0.26213586,0.19029833,0.25920174
5c1fa6bd2,0.16498984,0.18242224,0.20562807,0.44695985
bf537cdb3,0.2264142,0.23197715,0.24517164,0.29643703
eb8baed62,0.49609125,0.29685107,0.14930868,0.057749
01231c438,0.23894835,0.24667668,0.260554,0.25382096
5bb802fa1,0.14910258,0.21291414,0.23971295,0.3982703
30f92e1ab,0.20700604,0.21382985,0.23695615,0.34220797
2ab616a68,0.30475783,0.27800018,0.2243089,0.1929331
10554e146,0.25390562,0.2769106,0.26089758,0.2082862
59b6102ba,0.25219557,0.28659937,0.26045975,0.20074534
f7b533990,0.09344625,0.1819235,0.4948657,0.22976457
e31e27ce7,0.25099614,0.21987265,0.24326928,0.2858619
a3a0fa212,0.17351918,0.1890528,0.20747437,0.42995363
5eee1e783,0.1870148,0.33145183,0.3320481,0.14948528
2bf834f39,0.25698233,0.26467365,0.25325337,0.22509065
fe2cc3feb,0.106719255,0.4751151,0.3674115,0.05075416
1499fbe78,0.30107492,0.28200755,0.22814408,0.18877347
c3deb0697,0.29621407,0.26416537,0.23167068,0.20794988
bde802b84,0.1701751,0.186051,0.20742801,0.43634588
bbf3097d0,0.30753598,0.38010815,0.19139683,0.12095905
bed675184,0.30845958,0.2746862,0.23208335,0.18477091
62d911513,0.37649414,0.30110767,0.16722156,0.15517661
c19e8ac4d,0.21786168,0.2618374,0.3030044,0.21729653
19cf5ba9d,0.26254362,0.26271045,0.24216317,0.23258275
d4d84523a,0.5794247,0.22862168,0.13280691,0.059146747
0ba16b529,0.21768774,0.24168275,0.28141728,0.2592122
6d1e4b433,0.30200693,0.18533985,0.18306877,0.32958448
8445b97aa,0.49893844,0.3014193,0.14461705,0.05502519
854edf08f,0.28673607,0.4408383,0.22675398,0.04567163
0f6488260,0.19428459,0.15739654,0.17232402,0.47599486
514319114,0.42692682,0.32327878,0.16037567,0.08941872
6c399cb06,0.37011117,0.22661301,0.23560245,0.16767336
ccd3e236f,0.24653739,0.248762,0.25920385,0.24549673
3afb76273,0.18298614,0.20066775,0.24332131,0.3730248
53a451386,0.281519,0.27254447,0.2587025,0.18723407
a9bc357f0,0.37400255,0.2543265,0.18557177,0.1860992
4347c35e5,0.32753348,0.27414978,0.2137839,0.18453284
bd74f5ce8,0.04686343,0.10563321,0.25261632,0.5948871
52ec30101,0.2844072,0.30227277,0.22511296,0.18820707
e2fbb0332,0.24640694,0.26471165,0.2592464,0.22963503
8d25867cb,0.26532984,0.25641242,0.24695009,0.23130767
9aa0e02ef,0.22974254,0.23206696,0.26999116,0.26819935
10eaafcd9,0.19724311,0.21381387,0.27637586,0.31256717
ed390241b,0.3105353,0.28205165,0.2298425,0.17757054
e69df38b4,0.50822073,0.31044692,0.14270242,0.038629957
bb2cbdb23,0.23621745,0.24389604,0.2651348,0.25475168
6c17339fe,0.24347599,0.23229378,0.24282415,0.28140607
f1b4a123f,0.058616802,0.1258889,0.32426897,0.49122533
81ecf4cda,0.6317849,0.2030284,0.10314532,0.062041346
1c0aa9866,0.2504857,0.26445928,0.25576416,0.22929084
d3ef2ebef,0.2432204,0.18819156,0.28010473,0.28848332
ab4407477,0.22577308,0.22927174,0.2381685,0.30678666
211b0aa56,0.24666505,0.25581163,0.25215012,0.24537319
c1a9d98fb,0.25531125,0.29991361,0.25016558,0.19460955
2ca38a180,0.23835856,0.260266,0.26533362,0.23604181
af4483325,0.5728443,0.22919764,0.12294903,0.075009026
2fe1eb7b8,0.17184272,0.1882158,0.20897934,0.43096215
4c9f111f1,0.024504697,0.063435756,0.0926459,0.81941366
a7554fc9e,0.30683744,0.22343978,0.23042695,0.23929583
ac49bdbdd,0.21919063,0.22897881,0.29833207,0.2534985
168f1c6e9,0.1806445,0.18158934,0.32852146,0.30924472
1945e2783,0.28451595,0.25453195,0.23583513,0.22511697
88a5b8318,0.19605021,0.20118651,0.217089,0.38567427
2148c2ef6,0.24510571,0.31076244,0.26227412,0.18185775
1e0be9e49,0.12714677,0.19614124,0.17508046,0.50163156
a2ee6f2da,0.26377788,0.29274312,0.26020944,0.18326956
afdc5f01d,0.21173713,0.21486911,0.29415312,0.27924064
5548fa6f4,0.2496876,0.24270573,0.23734878,0.2702579
52ffdc6c2,0.055612806,0.10681844,0.22160047,0.6159683
cc607ef5c,0.038851004,0.07950719,0.18224227,0.69939953
55c827f51,0.22788121,0.2784513,0.29099253,0.20267497
f810c2cae,0.31696415,0.2851848,0.21675101,0.18110006
6366b7f4a,0.26038986,0.24926046,0.21175504,0.27859464
a79e1889c,0.2290847,0.22278336,0.2284878,0.31964412
3d13aab91,0.24145515,0.24545811,0.26172403,0.2513627
0bcb2c2b5,0.22308551,0.2675638,0.28893882,0.22041188
1238ed024,0.24247196,0.24060905,0.24792123,0.26899776
49f6a8909,0.22968063,0.23323578,0.24039774,0.29668584
ce18c7a4b,0.24927825,0.26475626,0.25758952,0.22837597
cc4670dac,0.24473266,0.25513816,0.25997767,0.2401515
13264f4f4,0.30772984,0.27832112,0.2310046,0.18294443
dbba10f87,0.24211082,0.24876127,0.25413406,0.25499383
fe056693f,0.13763323,0.15148515,0.2711382,0.43974343
4140b3b5a,0.27440888,0.26215166,0.2441892,0.21925026
5730742ae,0.27819052,0.25698483,0.23950331,0.22532134
b932b3915,0.24268103,0.26576254,0.2714869,0.22006954
4ff447944,0.24160774,0.25683305,0.26541469,0.23614453
d0b9282c8,0.30648106,0.22727828,0.2221922,0.24404848
e297b5ede,0.27388856,0.27298707,0.24793938,0.20518498
1c67c5f4c,0.26368544,0.22851118,0.24593751,0.26186588
d5ee02201,0.26925275,0.26568323,0.24101292,0.22405113
166092e21,0.2841074,0.2528,0.23892361,0.224169
36e02d379,0.2237805,0.21939242,0.22838177,0.32844532
07877aea7,0.23024178,0.26765075,0.27026355,0.23184392
619dcb4e6,0.23953494,0.24220489,0.25686195,0.2613982
edba94b45,0.09908788,0.113940105,0.1794479,0.6075241
0f4291ce6,0.24910255,0.2830955,0.28173372,0.18606822
c32940f0f,0.20462118,0.22072427,0.3159407,0.25871384
b0f2a1939,0.2624346,0.2533504,0.25947842,0.22473657
97a80f8b3,0.20423785,0.26082212,0.33042023,0.20451982
467faacc0,0.27695107,0.25684515,0.2406845,0.22551927
cd1e7ec9d,0.27774465,0.20396353,0.18312831,0.3351635
54224dada,0.024022326,0.048592474,0.12995899,0.7974262
90e582b0c,0.29978132,0.28308052,0.23214014,0.18499802
e5e06c8dd,0.24797182,0.2735451,0.3147702,0.16371289
08fb442fa,0.31605926,0.2724117,0.22335735,0.18817168
b652b7241,0.26651645,0.26310435,0.24644707,0.22393213
4325e9930,0.39953724,0.3770089,0.17626448,0.0471894
7f33563b9,0.22890903,0.21877025,0.2416148,0.31070593
8cc02d983,0.2065452,0.22876321,0.31581098,0.2488806
df6f884c0,0.24934964,0.24911067,0.24865478,0.2528849
07914c759,0.1195928,0.14913154,0.28713334,0.4441423
e2db9e1eb,0.15274732,0.16152138,0.2777009,0.4080304
b9f90bdfe,0.2707082,0.28387934,0.25698116,0.18843128
7559336dc,0.17184272,0.1882158,0.20897934,0.43096215
9550556bf,0.13572203,0.1488826,0.27486917,0.44052622
c36943627,0.23837714,0.24359272,0.259178,0.25885212
6029e0ed0,0.23273592,0.2372001,0.24815623,0.28190774
4bdc7be69,0.2452575,0.25890392,0.26695022,0.22888836
9c76163ca,0.2271473,0.23481467,0.24333379,0.29470423
955e7c5cf,0.023082327,0.045725394,0.09373379,0.8374585
11543e9ce,0.4580757,0.282637,0.15515003,0.10413728
9a591a8d9,0.23703758,0.26749346,0.3276404,0.16782854
f8204bf7c,0.27509904,0.27567616,0.21015942,0.2390654
4df43033d,0.092166066,0.13052747,0.2164376,0.56086886
db745332f,0.17248489,0.15880714,0.24909987,0.41960812
7d3dd49c5,0.054106947,0.09402504,0.12061603,0.73125196
775d4b52e,0.17588462,0.18846811,0.20921953,0.42642775
a8f2a5210,0.24046674,0.2364908,0.23825954,0.28478292
2def0a43e,0.23812193,0.25015146,0.25749266,0.25423396
da34209ec,0.27521005,0.26491356,0.23735628,0.22252011
282678629,0.19176885,0.20396315,0.23681512,0.36745286
04bad9310,0.31152266,0.26695424,0.23857938,0.18294372
34d5748f7,0.2343433,0.24726783,0.26652807,0.2518608
e0dc745da,0.27895188,0.27694446,0.2401245,0.20397918
ee0eff05e,0.32880718,0.26176304,0.22543912,0.18399066
7cbad35f9,0.21752523,0.2957601,0.34695745,0.13975725
ff832cb7e,0.23574002,0.22410901,0.23738325,0.30276772
b52b8d946,0.17083447,0.18789038,0.20869328,0.43258187
072bb91b4,0.12876983,0.15363349,0.25014865,0.46744803
9295d02bd,0.25399235,0.25669062,0.24748413,0.2418329
73066f6ff,0.23584087,0.23238647,0.2367657,0.29500696
5daea1779,0.24220078,0.26439407,0.25845188,0.23495325
29fd25bc8,0.24465384,0.29199764,0.34551457,0.11783396
70aeba909,0.106597625,0.30559477,0.47911122,0.108696364
5e6a7ea61,0.30077103,0.26667055,0.23942314,0.19313528
bb2c896c5,0.13110866,0.121923536,0.21272366,0.5342441
eba013abc,0.26832575,0.27996832,0.2520998,0.19960612
7023f6b45,0.27239534,0.28367326,0.257337,0.18659441
060d1de98,0.14036682,0.13448264,0.20328583,0.5218647
b49012dd4,0.13153589,0.27275866,0.5204354,0.075270064
f4ed1a08e,0.24601659,0.24425134,0.25511903,0.25461304
0e12b9baa,0.19216439,0.20037849,0.22168063,0.3857765
fb9833d4b,0.16019136,0.1465868,0.2064869,0.48673493
a63f6c6a1,0.24429446,0.2505927,0.2559632,0.24914964
7bead49ed,0.24895145,0.25646332,0.25473014,0.2398551
acd81a109,0.24814604,0.29227182,0.25529274,0.2042894
628a224b2,0.21941538,0.21599045,0.24422128,0.32037288
d61dd6a6b,0.26270828,0.2850505,0.26398268,0.18825851
b0ad07cfc,0.24157545,0.26083055,0.2653031,0.23229091
017d966eb,0.2639822,0.27153873,0.20564851,0.25883058
7b84a3913,0.49720016,0.24059732,0.14430772,0.11789479
c763886a6,0.20821676,0.20427634,0.268028,0.3194789
9d4f21d40,0.3985384,0.26789564,0.21193409,0.12163186
f288b4919,0.42107332,0.26162282,0.18471248,0.13259138
81fddeac7,0.27542016,0.23142768,0.23721035,0.2559418
769d800fa,0.30207348,0.27733508,0.23199065,0.1886008
e1c5d6ba9,0.26334345,0.28257623,0.25406253,0.20001778
8f38dbd18,0.22915207,0.29528165,0.30013728,0.175429
7a7f8a828,0.26343155,0.2610843,0.24620338,0.22928078
beea1e1dd,0.19653517,0.22834289,0.32143876,0.25368318
cf357f057,0.15725942,0.12601998,0.20072445,0.51599616
fee0b4da6,0.18373376,0.41865736,0.2945677,0.103041165
809ca8efd,0.19585736,0.20880969,0.2515176,0.34381536
a996f1370,0.346725,0.33776298,0.21027389,0.10523814
9804a7d82,0.28440112,0.25967675,0.23858625,0.2173359
ae58f28bc,0.24734566,0.25944299,0.2547237,0.23848765
c9c023b3e,0.19380806,0.19538753,0.21557815,0.39522624
5f1a700fd,0.15109189,0.14824761,0.21193668,0.4887238
bf9fe33d0,0.026434667,0.062377278,0.10318571,0.80800235
47caf7ad1,0.057405185,0.10506404,0.15725666,0.6802741
d1a11cf42,0.23021276,0.24556334,0.25415862,0.2700653
248c027cb,0.2794894,0.25667953,0.23586093,0.22797012
ac6adc2e4,0.15263519,0.16543137,0.33182773,0.3501057
983879402,0.2013995,0.28284565,0.2755864,0.24016845
cbfaa79cb,0.24517642,0.23367585,0.25164238,0.26950535
7811bdd84,0.24330498,0.29439124,0.2695926,0.19271116
042dfb970,0.3559833,0.2591216,0.2304403,0.1544548
7494b6aa9,0.31065547,0.28643012,0.22025605,0.18265836
ce9d5fb9f,0.49815264,0.3137687,0.11571708,0.07236155
03c49f5aa,0.43593282,0.2638629,0.14730619,0.1528981
423c5b45f,0.22522497,0.2153348,0.23208329,0.32735696
2260ef0a0,0.25077236,0.24737047,0.25352943,0.24832776
05d8b5a9d,0.27888903,0.2938751,0.2406499,0.18658601
7ecd54695,0.1884424,0.15433723,0.19723159,0.4599888
9726ab93e,0.24719535,0.25209787,0.25167525,0.24903154
bd331b74e,0.24439326,0.26211992,0.26168677,0.23180003
5e7db4c54,0.21410996,0.22328655,0.28024158,0.2823619
ab0bb2f5a,0.17505135,0.19031765,0.21065791,0.42397308
a61776aba,0.24001849,0.2638782,0.26841003,0.2276933
1b7d01262,0.23973036,0.22137132,0.23212914,0.30676916
a76fa694e,0.13514076,0.19269565,0.3291828,0.34298077
79a9a7b05,0.20700641,0.23652403,0.32112035,0.23534921
1a1283447,0.24628317,0.23627621,0.25699952,0.2604411
85332d295,0.24723236,0.48210183,0.23060195,0.04006387
b2a23ac85,0.23808621,0.24843031,0.25480014,0.25868332
2ef8bed36,0.22137412,0.22775745,0.28848827,0.26238015
0910c13a3,0.5211818,0.29959774,0.1344525,0.044767927
949fbd095,0.18104653,0.19761029,0.23147716,0.38986602
2d7a45689,0.32372674,0.25172007,0.21838179,0.20617138
9427b3749,0.32844803,0.35455328,0.21276133,0.10423737
ccb7df174,0.24207444,0.24590583,0.24898423,0.2630355
68e6f19f5,0.2775039,0.2793729,0.24566554,0.19745766
e5164d828,0.28005153,0.29475135,0.25036496,0.17483217
a56d6eceb,0.33457848,0.26495636,0.21748818,0.18297698
577c72b39,0.3388065,0.25473428,0.21528558,0.19117363
b1be2a9e8,0.2441255,0.24323061,0.25079632,0.26184756
2e65d72c2,0.2417974,0.2631356,0.26516518,0.2299018
b06c1ad30,0.25076982,0.2468951,0.26647848,0.2358566
5ed271e0d,0.066282295,0.083657585,0.21655686,0.63350326
eb4c66e7a,0.06360713,0.15125534,0.32657906,0.45855847
6648175ff,0.05017024,0.09551401,0.14681526,0.7075005
ab4b4681b,0.28624287,0.24898,0.23432638,0.23045075
bfcbca117,0.33105034,0.30662632,0.18543348,0.17688988
41ee53918,0.5428608,0.2846864,0.12064018,0.051812638
d1a67cee6,0.23433776,0.23914301,0.24839793,0.2781213
3e26edfa8,0.06704943,0.11080376,0.17130682,0.65084
3af14a63c,0.22393748,0.25088117,0.25257367,0.2726077
6198e214e,0.31464416,0.2783,0.21695672,0.19009914
43b6e3f2a,0.24725522,0.2546726,0.251317,0.24675521
bf1762a3a,0.2386861,0.21642274,0.24443012,0.30046102
e1dcf0e9e,0.24962127,0.25051335,0.25016326,0.24970211
2dea0707b,0.22742206,0.23131448,0.23863022,0.30263326
9d0406864,0.5176916,0.30398574,0.12546034,0.052862335
6333963fe,0.17894755,0.19053201,0.20827705,0.4222434
4d101a0c3,0.33156353,0.24921739,0.22192605,0.19729303
d3b017517,0.25861013,0.26520047,0.25074288,0.22544652
504e4ec84,0.23883213,0.23674983,0.24025944,0.2841586
96477b249,0.25269184,0.24402212,0.25214264,0.25114343
b822d0566,0.2041861,0.2769118,0.28155434,0.23734775
0850d4334,0.17661785,0.19209428,0.21249694,0.41879094
b543331f4,0.18594588,0.22177988,0.32001442,0.2722598
c0b1f82b1,0.21132687,0.22245687,0.28037086,0.2858454
e13488562,0.24426757,0.2551683,0.2616705,0.23889366
25079d00a,0.026905697,0.06891765,0.10619299,0.79798365
46b9595d0,0.22391061,0.23110165,0.24356571,0.30142203
13e385580,0.24414697,0.24503456,0.24941891,0.26139954
ae3a99b36,0.3815385,0.21767393,0.22998396,0.17080362
